================================BEST EPOCH======================================
Path values of layer 3 node 2
[(0, 0, 1), (0, 1, 1), (0, 2, 1), (1, 0, 1), (1, 1, 1), (1, 2, 1), (2, 0, 1), (2, 1, 1), (2, 2, 1)]
[[ -0.79606822  14.88861675  -2.52728144]
 [ -0.68775893   0.92578579   0.03871994]
 [ -0.30413382   5.03658431 -18.23505945]]
=================================0TH EPOCH====================================
Path values of layer 3 node 2
[(0, 0, 1), (0, 1, 1), (0, 2, 1), (1, 0, 1), (1, 1, 1), (1, 2, 1), (2, 0, 1), (2, 1, 1), (2, 2, 1)]
[[-0.00279522 -0.0004689  -0.00018849]
 [-0.05811253  0.03184044 -0.00876374]
 [-0.02179919 -0.02228173 -0.01095873]]
===============================MIDDLE EPOCH====================================
Path values of layer 3 node 2
[(0, 0, 1), (0, 1, 1), (0, 2, 1), (1, 0, 1), (1, 1, 1), (1, 2, 1), (2, 0, 1), (2, 1, 1), (2, 2, 1)]
[[ 9.24765605e-02  6.30941795e-03 -2.36846361e-02]
 [-5.69748521e-01  1.56335884e-02 -1.62459495e-01]
 [-1.88468459e-01  4.76214615e-04 -1.87652455e-01]]
================================LAST EPOCH==================================
Path values of layer 3 node 2
[(0, 0, 1), (0, 1, 1), (0, 2, 1), (1, 0, 1), (1, 1, 1), (1, 2, 1), (2, 0, 1), (2, 1, 1), (2, 2, 1)]
[[ -0.79555315  14.35130308  -2.42752104]
 [ -0.70145645   0.90394454  -0.01781246]
 [ -0.30303775   4.74359733 -17.44420178]]

test_error 0.034359440207481384
train_error 0.030538342893123627

