================================BEST EPOCH======================================
Path values of layer 3 node 2
[(0, 0, 1), (0, 1, 1), (0, 2, 1), (0, 3, 1), (0, 4, 1), (1, 0, 1), (1, 1, 1), (1, 2, 1), (1, 3, 1), (1, 4, 1), (2, 0, 1), (2, 1, 1), (2, 2, 1), (2, 3, 1), (2, 4, 1), (3, 0, 1), (3, 1, 1), (3, 2, 1), (3, 3, 1), (3, 4, 1), (4, 0, 1), (4, 1, 1), (4, 2, 1), (4, 3, 1), (4, 4, 1)]
[[ 0.28896985  0.049096    0.07893051 -0.02531198  0.01573073]
 [-0.24271899 -0.32444762 -0.14253602 -0.17388392 -0.53945142]
 [ 0.64157919 -0.14457942  0.14923802 -0.03873017  0.15928238]
 [-0.87441474 -0.30171229 -0.23941083  0.09204614  0.44471348]
 [ 0.26389338  0.0466427   0.01124814 -0.02646742  0.02732771]]
=================================0TH EPOCH====================================
Path values of layer 3 node 2
[(0, 0, 1), (0, 1, 1), (0, 2, 1), (0, 3, 1), (0, 4, 1), (1, 0, 1), (1, 1, 1), (1, 2, 1), (1, 3, 1), (1, 4, 1), (2, 0, 1), (2, 1, 1), (2, 2, 1), (2, 3, 1), (2, 4, 1), (3, 0, 1), (3, 1, 1), (3, 2, 1), (3, 3, 1), (3, 4, 1), (4, 0, 1), (4, 1, 1), (4, 2, 1), (4, 3, 1), (4, 4, 1)]
[[ 1.28911787e-02 -2.92374847e-03 -1.47864264e-04 -2.91911074e-03
   5.43327381e-03]
 [ 7.35213914e-04  4.68297417e-04 -8.06070053e-06  2.50162118e-04
  -2.20839795e-04]
 [-2.83624505e-03 -6.39551238e-04 -4.53551683e-05 -2.48747983e-04
   8.94697116e-04]
 [ 2.19199410e-02 -2.81992345e-03  1.04985330e-03  4.53373096e-03
   8.18274221e-04]
 [ 1.53579194e-02 -4.81688432e-03  1.52746711e-03  4.47609917e-03
  -5.23102197e-03]]
===============================MIDDLE EPOCH====================================
Path values of layer 3 node 2
[(0, 0, 1), (0, 1, 1), (0, 2, 1), (0, 3, 1), (0, 4, 1), (1, 0, 1), (1, 1, 1), (1, 2, 1), (1, 3, 1), (1, 4, 1), (2, 0, 1), (2, 1, 1), (2, 2, 1), (2, 3, 1), (2, 4, 1), (3, 0, 1), (3, 1, 1), (3, 2, 1), (3, 3, 1), (3, 4, 1), (4, 0, 1), (4, 1, 1), (4, 2, 1), (4, 3, 1), (4, 4, 1)]
[[ 0.25965647  0.04912374  0.02145245 -0.05768072  0.15807999]
 [-0.15984745 -0.02087156 -0.07152149 -0.1194214  -0.0562359 ]
 [-0.13064211  0.01471314 -0.03106156 -0.00702151  0.26416338]
 [ 0.16420821  0.01634577  0.07755797  0.08671529  0.04693736]
 [ 0.11818722  0.05708366  0.14121662  0.14822262 -0.01481027]]
================================LAST EPOCH==================================
Path values of layer 3 node 2
[(0, 0, 1), (0, 1, 1), (0, 2, 1), (0, 3, 1), (0, 4, 1), (1, 0, 1), (1, 1, 1), (1, 2, 1), (1, 3, 1), (1, 4, 1), (2, 0, 1), (2, 1, 1), (2, 2, 1), (2, 3, 1), (2, 4, 1), (3, 0, 1), (3, 1, 1), (3, 2, 1), (3, 3, 1), (3, 4, 1), (4, 0, 1), (4, 1, 1), (4, 2, 1), (4, 3, 1), (4, 4, 1)]
[[ 0.40262817  0.07243925  0.04995872 -0.01490496  0.00723131]
 [-0.15112271 -0.39069632 -0.08143943 -0.12141555 -0.42667609]
 [ 0.71136604 -0.17441035  0.15517048 -0.04972622  0.13879736]
 [-0.96353674 -0.52515027 -0.19926942  0.07749907  0.58486986]
 [ 0.33507221  0.03241464  0.01910411 -0.01256239 -0.00354218]]

test_error 0.2378212958574295
train_error 0.0022630183957517147


