================================BEST EPOCH======================================
Path values of layer 3 node 3
[(1, 1, 3), (1, 2, 3), (1, 3, 3), (2, 1, 3), (2, 2, 3), (2, 3, 3), (3, 1, 3), (3, 2, 3), (3, 3, 3)]
[[ 0.00096148 -0.00035479  0.0001326 ]
 [ 0.01998922  0.02409171  0.00616529]
 [ 0.00749836 -0.01685922  0.00770946]]
=================================0TH EPOCH====================================
Path values of layer 3 node 3
[(1, 1, 3), (1, 2, 3), (1, 3, 3), (2, 1, 3), (2, 2, 3), (2, 3, 3), (3, 1, 3), (3, 2, 3), (3, 3, 3)]
[[ 0.00096148 -0.00035479  0.0001326 ]
 [ 0.01998922  0.02409171  0.00616529]
 [ 0.00749836 -0.01685922  0.00770946]]
===============================MIDDLE EPOCH====================================
Path values of layer 3 node 3
[(1, 1, 3), (1, 2, 3), (1, 3, 3), (2, 1, 3), (2, 2, 3), (2, 3, 3), (3, 1, 3), (3, 2, 3), (3, 3, 3)]
[[ 0.00096148 -0.00035479  0.0001326 ]
 [ 0.01998922  0.02409171  0.00616529]
 [ 0.00749836 -0.01685922  0.00770946]]
================================LAST EPOCH==================================
Path values of layer 3 node 3
[(1, 1, 3), (1, 2, 3), (1, 3, 3), (2, 1, 3), (2, 2, 3), (2, 3, 3), (3, 1, 3), (3, 2, 3), (3, 3, 3)]
[[ 0.00096148 -0.00035479  0.0001326 ]
 [ 0.01998922  0.02409171  0.00616529]
 [ 0.00749836 -0.01685922  0.00770946]]
