================================BEST EPOCH======================================
Path values of layer 2 node 2
[(1, 2, 1), (1, 2, 2), (1, 2, 3), (2, 2, 1), (2, 2, 2), (2, 2, 3), (3, 2, 1), (3, 2, 2), (3, 2, 3)]
[[-2.89423105e-05 -4.68900243e-04 -3.54788102e-04]
 [ 1.96531353e-03  3.18404432e-02  2.40917137e-02]
 [-1.37531314e-03 -2.22817271e-02 -1.68592185e-02]]
=================================0TH EPOCH====================================
Path values of layer 2 node 2
[(1, 2, 1), (1, 2, 2), (1, 2, 3), (2, 2, 1), (2, 2, 2), (2, 2, 3), (3, 2, 1), (3, 2, 2), (3, 2, 3)]
[[-2.89423105e-05 -4.68900243e-04 -3.54788102e-04]
 [ 1.96531353e-03  3.18404432e-02  2.40917137e-02]
 [-1.37531314e-03 -2.22817271e-02 -1.68592185e-02]]
===============================MIDDLE EPOCH====================================
Path values of layer 2 node 2
[(1, 2, 1), (1, 2, 2), (1, 2, 3), (2, 2, 1), (2, 2, 2), (2, 2, 3), (3, 2, 1), (3, 2, 2), (3, 2, 3)]
[[-2.89423105e-05 -4.68900243e-04 -3.54788102e-04]
 [ 1.96531353e-03  3.18404432e-02  2.40917137e-02]
 [-1.37531314e-03 -2.22817271e-02 -1.68592185e-02]]
================================LAST EPOCH==================================
Path values of layer 2 node 2
[(1, 2, 1), (1, 2, 2), (1, 2, 3), (2, 2, 1), (2, 2, 2), (2, 2, 3), (3, 2, 1), (3, 2, 2), (3, 2, 3)]
[[-2.89423105e-05 -4.68900243e-04 -3.54788102e-04]
 [ 1.96531353e-03  3.18404432e-02  2.40917137e-02]
 [-1.37531314e-03 -2.22817271e-02 -1.68592185e-02]]
