================================BEST EPOCH======================================
Path values of layer 3 node 1
[(0, 0, 0), (0, 1, 0), (0, 2, 0), (0, 3, 0), (0, 4, 0), (1, 0, 0), (1, 1, 0), (1, 2, 0), (1, 3, 0), (1, 4, 0), (2, 0, 0), (2, 1, 0), (2, 2, 0), (2, 3, 0), (2, 4, 0), (3, 0, 0), (3, 1, 0), (3, 2, 0), (3, 3, 0), (3, 4, 0), (4, 0, 0), (4, 1, 0), (4, 2, 0), (4, 3, 0), (4, 4, 0)]
[[ 4.18756805e-03  4.66262161e-03  1.33387133e-03 -1.21431983e-02
   1.05010136e-02]
 [ 2.38826748e-04 -7.46813098e-04  7.27149146e-05  1.04064850e-03
  -4.26822163e-04]
 [-9.21325301e-04  1.01991859e-03  4.09145232e-04 -1.03476584e-03
   1.72920174e-03]
 [ 7.12046948e-03  4.49704758e-03 -9.47064001e-03  1.88598512e-02
   1.58149745e-03]
 [ 4.98886361e-03  7.68168299e-03 -1.37791548e-02  1.86201089e-02
  -1.01101168e-02]]
=================================0TH EPOCH====================================
Path values of layer 3 node 1
[(0, 0, 0), (0, 1, 0), (0, 2, 0), (0, 3, 0), (0, 4, 0), (1, 0, 0), (1, 1, 0), (1, 2, 0), (1, 3, 0), (1, 4, 0), (2, 0, 0), (2, 1, 0), (2, 2, 0), (2, 3, 0), (2, 4, 0), (3, 0, 0), (3, 1, 0), (3, 2, 0), (3, 3, 0), (3, 4, 0), (4, 0, 0), (4, 1, 0), (4, 2, 0), (4, 3, 0), (4, 4, 0)]
[[ 4.18756805e-03  4.66262161e-03  1.33387133e-03 -1.21431983e-02
   1.05010136e-02]
 [ 2.38826748e-04 -7.46813098e-04  7.27149146e-05  1.04064850e-03
  -4.26822163e-04]
 [-9.21325301e-04  1.01991859e-03  4.09145232e-04 -1.03476584e-03
   1.72920174e-03]
 [ 7.12046948e-03  4.49704758e-03 -9.47064001e-03  1.88598512e-02
   1.58149745e-03]
 [ 4.98886361e-03  7.68168299e-03 -1.37791548e-02  1.86201089e-02
  -1.01101168e-02]]
===============================MIDDLE EPOCH====================================
Path values of layer 3 node 1
[(0, 0, 0), (0, 1, 0), (0, 2, 0), (0, 3, 0), (0, 4, 0), (1, 0, 0), (1, 1, 0), (1, 2, 0), (1, 3, 0), (1, 4, 0), (2, 0, 0), (2, 1, 0), (2, 2, 0), (2, 3, 0), (2, 4, 0), (3, 0, 0), (3, 1, 0), (3, 2, 0), (3, 3, 0), (3, 4, 0), (4, 0, 0), (4, 1, 0), (4, 2, 0), (4, 3, 0), (4, 4, 0)]
[[ 4.18756805e-03  4.66262161e-03  1.33387133e-03 -1.21431983e-02
   1.05010136e-02]
 [ 2.38826748e-04 -7.46813098e-04  7.27149146e-05  1.04064850e-03
  -4.26822163e-04]
 [-9.21325301e-04  1.01991859e-03  4.09145232e-04 -1.03476584e-03
   1.72920174e-03]
 [ 7.12046948e-03  4.49704758e-03 -9.47064001e-03  1.88598512e-02
   1.58149745e-03]
 [ 4.98886361e-03  7.68168299e-03 -1.37791548e-02  1.86201089e-02
  -1.01101168e-02]]
================================LAST EPOCH==================================
Path values of layer 3 node 1
[(0, 0, 0), (0, 1, 0), (0, 2, 0), (0, 3, 0), (0, 4, 0), (1, 0, 0), (1, 1, 0), (1, 2, 0), (1, 3, 0), (1, 4, 0), (2, 0, 0), (2, 1, 0), (2, 2, 0), (2, 3, 0), (2, 4, 0), (3, 0, 0), (3, 1, 0), (3, 2, 0), (3, 3, 0), (3, 4, 0), (4, 0, 0), (4, 1, 0), (4, 2, 0), (4, 3, 0), (4, 4, 0)]
[[ 4.18756805e-03  4.66262161e-03  1.33387133e-03 -1.21431983e-02
   1.05010136e-02]
 [ 2.38826748e-04 -7.46813098e-04  7.27149146e-05  1.04064850e-03
  -4.26822163e-04]
 [-9.21325301e-04  1.01991859e-03  4.09145232e-04 -1.03476584e-03
   1.72920174e-03]
 [ 7.12046948e-03  4.49704758e-03 -9.47064001e-03  1.88598512e-02
   1.58149745e-03]
 [ 4.98886361e-03  7.68168299e-03 -1.37791548e-02  1.86201089e-02
  -1.01101168e-02]]

test_error 0.5968366861343384
train_error 0.5920235514640808

