================================BEST EPOCH======================================
Path values of layer 2 node 3
[(1, 3, 1), (1, 3, 2), (1, 3, 3), (2, 3, 1), (2, 3, 2), (2, 3, 3), (3, 3, 1), (3, 3, 2), (3, 3, 3)]
[[ 0.00060583 -0.00018849  0.0001326 ]
 [ 0.02816812 -0.00876374  0.00616529]
 [ 0.0352232  -0.01095873  0.00770946]]
=================================0TH EPOCH====================================
Path values of layer 2 node 3
[(1, 3, 1), (1, 3, 2), (1, 3, 3), (2, 3, 1), (2, 3, 2), (2, 3, 3), (3, 3, 1), (3, 3, 2), (3, 3, 3)]
[[ 0.00060583 -0.00018849  0.0001326 ]
 [ 0.02816812 -0.00876374  0.00616529]
 [ 0.0352232  -0.01095873  0.00770946]]
===============================MIDDLE EPOCH====================================
Path values of layer 2 node 3
[(1, 3, 1), (1, 3, 2), (1, 3, 3), (2, 3, 1), (2, 3, 2), (2, 3, 3), (3, 3, 1), (3, 3, 2), (3, 3, 3)]
[[ 0.00060583 -0.00018849  0.0001326 ]
 [ 0.02816812 -0.00876374  0.00616529]
 [ 0.0352232  -0.01095873  0.00770946]]
================================LAST EPOCH==================================
Path values of layer 2 node 3
[(1, 3, 1), (1, 3, 2), (1, 3, 3), (2, 3, 1), (2, 3, 2), (2, 3, 3), (3, 3, 1), (3, 3, 2), (3, 3, 3)]
[[ 0.00060583 -0.00018849  0.0001326 ]
 [ 0.02816812 -0.00876374  0.00616529]
 [ 0.0352232  -0.01095873  0.00770946]]
