================================BEST EPOCH======================================
[(0, 0, 0), (0, 0, 1), (0, 0, 2), (0, 0, 3), (0, 0, 4), (0, 1, 0), (0, 1, 1), (0, 1, 2), (0, 1, 3), (0, 1, 4), (0, 2, 0), (0, 2, 1), (0, 2, 2), (0, 2, 3), (0, 2, 4), (0, 3, 0), (0, 3, 1), (0, 3, 2), (0, 3, 3), (0, 3, 4), (0, 4, 0), (0, 4, 1), (0, 4, 2), (0, 4, 3), (0, 4, 4), (1, 0, 0), (1, 0, 1), (1, 0, 2), (1, 0, 3), (1, 0, 4), (1, 1, 0), (1, 1, 1), (1, 1, 2), (1, 1, 3), (1, 1, 4), (1, 2, 0), (1, 2, 1), (1, 2, 2), (1, 2, 3), (1, 2, 4), (1, 3, 0), (1, 3, 1), (1, 3, 2), (1, 3, 3), (1, 3, 4), (1, 4, 0), (1, 4, 1), (1, 4, 2), (1, 4, 3), (1, 4, 4), (2, 0, 0), (2, 0, 1), (2, 0, 2), (2, 0, 3), (2, 0, 4), (2, 1, 0), (2, 1, 1), (2, 1, 2), (2, 1, 3), (2, 1, 4), (2, 2, 0), (2, 2, 1), (2, 2, 2), (2, 2, 3), (2, 2, 4), (2, 3, 0), (2, 3, 1), (2, 3, 2), (2, 3, 3), (2, 3, 4), (2, 4, 0), (2, 4, 1), (2, 4, 2), (2, 4, 3), (2, 4, 4), (3, 0, 0), (3, 0, 1), (3, 0, 2), (3, 0, 3), (3, 0, 4), (3, 1, 0), (3, 1, 1), (3, 1, 2), (3, 1, 3), (3, 1, 4), (3, 2, 0), (3, 2, 1), (3, 2, 2), (3, 2, 3), (3, 2, 4), (3, 3, 0), (3, 3, 1), (3, 3, 2), (3, 3, 3), (3, 3, 4), (3, 4, 0), (3, 4, 1), (3, 4, 2), (3, 4, 3), (3, 4, 4), (4, 0, 0), (4, 0, 1), (4, 0, 2), (4, 0, 3), (4, 0, 4), (4, 1, 0), (4, 1, 1), (4, 1, 2), (4, 1, 3), (4, 1, 4), (4, 2, 0), (4, 2, 1), (4, 2, 2), (4, 2, 3), (4, 2, 4), (4, 3, 0), (4, 3, 1), (4, 3, 2), (4, 3, 3), (4, 3, 4), (4, 4, 0), (4, 4, 1), (4, 4, 2), (4, 4, 3), (4, 4, 4)]
[[[-1.31962473e+01 -6.45467029e+01  6.06760811e+01 -2.36781966e+01
    1.74611811e+01]
  [-2.28804424e+01 -1.22457383e+02 -8.85446797e+00  1.33210810e+00
   -3.50368811e+01]
  [ 1.66892733e+01 -4.60310706e+01 -1.84630634e+01 -5.48614528e+01
    3.15048189e+01]
  [ 5.51573208e+00 -7.78162435e+00 -2.48151845e+01 -8.89062674e-01
   -5.29195934e+00]
  [ 1.11394593e+00 -1.52673673e+00  3.35558503e+00 -5.98694343e+00
    4.41114481e+00]]

 [[-6.33138610e+00 -3.09686601e+01  2.91115866e+01 -1.13604877e+01
    8.37764531e+00]
  [-2.09737671e+01 -1.12252753e+02 -8.11660658e+00  1.22110074e+00
   -3.21171843e+01]
  [ 8.97264361e+00 -2.47476559e+01 -9.92628530e+00 -2.94951288e+01
    1.69379162e+01]
  [ 1.11770166e+01 -1.57685948e+01 -5.02852067e+01 -1.80158646e+00
   -1.07235660e+01]
  [ 8.51036121e+00 -1.16640141e+01  2.56361102e+01 -4.57392496e+01
    3.37004109e+01]]

 [[-2.78693711e+01 -1.36317240e+02  1.28142810e+02 -5.00063716e+01
    3.68765547e+01]
  [ 2.20105297e+01  1.17801563e+02  8.51782177e+00 -1.28146145e+00
    3.37047815e+01]
  [-4.21485264e+00  1.16250826e+01  4.66282086e+00  1.38551832e+01
   -7.95649797e+00]
  [-3.25773021e+01  4.59602322e+01  1.46564726e+02  5.25102794e+00
    3.12556439e+01]
  [ 1.29518799e+01 -1.77514099e+01  3.90154792e+01 -6.96103555e+01
    5.12885017e+01]]

 [[ 4.48559054e+00  2.19403345e+01 -2.06246556e+01  8.04855291e+00
   -5.93530168e+00]
  [-2.90137351e+00 -1.55283103e+01 -1.12279817e+00  1.68919075e-01
   -4.44288082e+00]
  [-3.12943791e+00  8.63137510e+00  3.46204473e+00  1.02871771e+01
   -5.90752953e+00]
  [-1.18374823e+01  1.67003834e+01  5.32566306e+01  1.90804475e+00
    1.13572367e+01]
  [-1.23396580e+00  1.69123191e+00 -3.71712579e+00  6.63199461e+00
   -4.88641473e+00]]

 [[-9.13002471e+01 -4.46576196e+02  4.19796709e+02 -1.63821210e+02
    1.20807841e+02]
  [ 2.16677361e+01  1.15966913e+02  8.38516460e+00 -1.26150388e+00
    3.31798608e+01]
  [ 1.06545840e+01 -2.93866545e+01 -1.17869878e+01 -3.50240509e+01
    2.01129632e+01]
  [-1.12348129e+02  1.58501342e+02  5.05452316e+02  1.81090247e+01
    1.07790176e+02]
  [-1.01630500e+00  1.39291336e+00 -3.06145725e+00  5.46216865e+00
   -4.02449383e+00]]]
=================================0TH EPOCH====================================
[(0, 0, 0), (0, 0, 1), (0, 0, 2), (0, 0, 3), (0, 0, 4), (0, 1, 0), (0, 1, 1), (0, 1, 2), (0, 1, 3), (0, 1, 4), (0, 2, 0), (0, 2, 1), (0, 2, 2), (0, 2, 3), (0, 2, 4), (0, 3, 0), (0, 3, 1), (0, 3, 2), (0, 3, 3), (0, 3, 4), (0, 4, 0), (0, 4, 1), (0, 4, 2), (0, 4, 3), (0, 4, 4), (1, 0, 0), (1, 0, 1), (1, 0, 2), (1, 0, 3), (1, 0, 4), (1, 1, 0), (1, 1, 1), (1, 1, 2), (1, 1, 3), (1, 1, 4), (1, 2, 0), (1, 2, 1), (1, 2, 2), (1, 2, 3), (1, 2, 4), (1, 3, 0), (1, 3, 1), (1, 3, 2), (1, 3, 3), (1, 3, 4), (1, 4, 0), (1, 4, 1), (1, 4, 2), (1, 4, 3), (1, 4, 4), (2, 0, 0), (2, 0, 1), (2, 0, 2), (2, 0, 3), (2, 0, 4), (2, 1, 0), (2, 1, 1), (2, 1, 2), (2, 1, 3), (2, 1, 4), (2, 2, 0), (2, 2, 1), (2, 2, 2), (2, 2, 3), (2, 2, 4), (2, 3, 0), (2, 3, 1), (2, 3, 2), (2, 3, 3), (2, 3, 4), (2, 4, 0), (2, 4, 1), (2, 4, 2), (2, 4, 3), (2, 4, 4), (3, 0, 0), (3, 0, 1), (3, 0, 2), (3, 0, 3), (3, 0, 4), (3, 1, 0), (3, 1, 1), (3, 1, 2), (3, 1, 3), (3, 1, 4), (3, 2, 0), (3, 2, 1), (3, 2, 2), (3, 2, 3), (3, 2, 4), (3, 3, 0), (3, 3, 1), (3, 3, 2), (3, 3, 3), (3, 3, 4), (3, 4, 0), (3, 4, 1), (3, 4, 2), (3, 4, 3), (3, 4, 4), (4, 0, 0), (4, 0, 1), (4, 0, 2), (4, 0, 3), (4, 0, 4), (4, 1, 0), (4, 1, 1), (4, 1, 2), (4, 1, 3), (4, 1, 4), (4, 2, 0), (4, 2, 1), (4, 2, 2), (4, 2, 3), (4, 2, 4), (4, 3, 0), (4, 3, 1), (4, 3, 2), (4, 3, 3), (4, 3, 4), (4, 4, 0), (4, 4, 1), (4, 4, 2), (4, 4, 3), (4, 4, 4)]
[[[ 4.18756805e-03  1.28911787e-02  4.56975112e-04 -8.57305290e-03
   -1.62372095e-03]
  [ 4.66262161e-03 -2.92374847e-03 -5.36023007e-05  2.78247647e-03
   -1.25387824e-03]
  [ 1.33387133e-03 -1.47864264e-04 -1.21797460e-04 -1.51034197e-03
   -1.06599250e-03]
  [-1.21431983e-02 -2.91911074e-03  7.21173295e-04 -6.62261788e-03
   -5.12704343e-04]
  [ 1.05010136e-02  5.43327381e-03  1.67393366e-03  1.77657606e-02
   -8.18861023e-03]]

 [[ 2.38826748e-04  7.35213914e-04  2.60623538e-05 -4.88941152e-04
   -9.26045833e-05]
  [-7.46813098e-04  4.68297417e-04  8.58549194e-06 -4.45669850e-04
    2.00833945e-04]
  [ 7.27149146e-05 -8.06070053e-06 -6.63968983e-06 -8.23350688e-05
   -5.81117174e-05]
  [ 1.04064850e-03  2.50162118e-04 -6.18031500e-05  5.67545484e-04
    4.39377659e-05]
  [-4.26822163e-04 -2.20839795e-04 -6.80383833e-05 -7.22103665e-04
    3.32832665e-04]]

 [[-9.21325301e-04 -2.83624505e-03 -1.00541108e-04  1.88619515e-03
    3.57242002e-04]
  [ 1.01991859e-03 -6.39551238e-04 -1.17251597e-05  6.08648894e-04
   -2.74277828e-04]
  [ 4.09145232e-04 -4.53551683e-05 -3.73595630e-05 -4.63274983e-04
   -3.26977378e-04]
  [-1.03476584e-03 -2.48747983e-04  6.14537846e-05 -5.64337221e-04
   -4.36893913e-05]
  [ 1.72920174e-03  8.94697116e-04  2.75646630e-04  2.92548753e-03
   -1.34841832e-03]]

 [[ 7.12046948e-03  2.19199410e-02  7.77032708e-04 -1.45774733e-02
   -2.76094748e-03]
  [ 4.49704758e-03 -2.81992345e-03 -5.16988332e-05  2.68366815e-03
   -1.20935186e-03]
  [-9.47064001e-03  1.04985330e-03  8.64775989e-04  1.07236019e-02
    7.56866950e-03]
  [ 1.88598512e-02  4.53373096e-03 -1.12006909e-03  1.02857241e-02
    7.96291668e-04]
  [ 1.58149745e-03  8.18274221e-04  2.52101552e-04  2.67559936e-03
   -1.23323964e-03]]

 [[ 4.98886361e-03  1.53579194e-02  5.44417782e-04 -1.02135156e-02
   -1.93442166e-03]
  [ 7.68168299e-03 -4.81688432e-03 -8.83099501e-05  4.58413827e-03
   -2.06576813e-03]
  [-1.37791548e-02  1.52746711e-03  1.25819187e-03  1.56021315e-02
    1.10119135e-02]
  [ 1.86201089e-02  4.47609917e-03 -1.10583101e-03  1.01549743e-02
    7.86169383e-04]
  [-1.01101168e-02 -5.23102197e-03 -1.61162203e-03 -1.71044360e-02
    7.88379188e-03]]]
===============================MIDDLE EPOCH====================================
[(0, 0, 0), (0, 0, 1), (0, 0, 2), (0, 0, 3), (0, 0, 4), (0, 1, 0), (0, 1, 1), (0, 1, 2), (0, 1, 3), (0, 1, 4), (0, 2, 0), (0, 2, 1), (0, 2, 2), (0, 2, 3), (0, 2, 4), (0, 3, 0), (0, 3, 1), (0, 3, 2), (0, 3, 3), (0, 3, 4), (0, 4, 0), (0, 4, 1), (0, 4, 2), (0, 4, 3), (0, 4, 4), (1, 0, 0), (1, 0, 1), (1, 0, 2), (1, 0, 3), (1, 0, 4), (1, 1, 0), (1, 1, 1), (1, 1, 2), (1, 1, 3), (1, 1, 4), (1, 2, 0), (1, 2, 1), (1, 2, 2), (1, 2, 3), (1, 2, 4), (1, 3, 0), (1, 3, 1), (1, 3, 2), (1, 3, 3), (1, 3, 4), (1, 4, 0), (1, 4, 1), (1, 4, 2), (1, 4, 3), (1, 4, 4), (2, 0, 0), (2, 0, 1), (2, 0, 2), (2, 0, 3), (2, 0, 4), (2, 1, 0), (2, 1, 1), (2, 1, 2), (2, 1, 3), (2, 1, 4), (2, 2, 0), (2, 2, 1), (2, 2, 2), (2, 2, 3), (2, 2, 4), (2, 3, 0), (2, 3, 1), (2, 3, 2), (2, 3, 3), (2, 3, 4), (2, 4, 0), (2, 4, 1), (2, 4, 2), (2, 4, 3), (2, 4, 4), (3, 0, 0), (3, 0, 1), (3, 0, 2), (3, 0, 3), (3, 0, 4), (3, 1, 0), (3, 1, 1), (3, 1, 2), (3, 1, 3), (3, 1, 4), (3, 2, 0), (3, 2, 1), (3, 2, 2), (3, 2, 3), (3, 2, 4), (3, 3, 0), (3, 3, 1), (3, 3, 2), (3, 3, 3), (3, 3, 4), (3, 4, 0), (3, 4, 1), (3, 4, 2), (3, 4, 3), (3, 4, 4), (4, 0, 0), (4, 0, 1), (4, 0, 2), (4, 0, 3), (4, 0, 4), (4, 1, 0), (4, 1, 1), (4, 1, 2), (4, 1, 3), (4, 1, 4), (4, 2, 0), (4, 2, 1), (4, 2, 2), (4, 2, 3), (4, 2, 4), (4, 3, 0), (4, 3, 1), (4, 3, 2), (4, 3, 3), (4, 3, 4), (4, 4, 0), (4, 4, 1), (4, 4, 2), (4, 4, 3), (4, 4, 4)]
[[[-1.26603056 -0.85826712  1.35932502 -1.1085524   1.99841786]
  [-0.79866668 -2.04053103 -1.78311808 -1.12787534 -0.60469847]
  [-0.17889783 -0.99926776 -1.89642682 -0.22706589 -3.56449996]
  [-0.41748408 -0.81409859  0.92926432  0.09831499  1.80830357]
  [ 0.5928556   0.44435344 -0.04437886  0.24995053  0.11524657]]

 [[ 0.64902436  0.43998643 -0.69685131  0.56829396 -1.02447912]
  [-0.14477943 -0.36990013 -0.32323724 -0.20445719 -0.10961756]
  [ 0.08201109  0.4580885   0.86936789  0.10409249  1.63405293]
  [ 0.0823783   0.1606386  -0.1833632  -0.01939959 -0.35681594]
  [ 2.34599866  1.75835832 -0.17561231  0.98908338  0.45604408]]

 [[ 0.25197865  0.1708213  -0.27054709  0.2206357  -0.39774603]
  [-0.21285808 -0.54383579 -0.47523092 -0.30059772 -0.1611623 ]
  [-0.06638846 -0.37082531 -0.70375838 -0.08426348 -1.32277539]
  [ 0.10377323  0.20235896 -0.23098549 -0.02443797 -0.44948663]
  [-0.47401924 -0.35528395  0.03548323 -0.1998486  -0.09214569]]

 [[-0.10221199 -0.06929153  0.10974404 -0.08949811  0.16134071]
  [ 0.06655747  0.17004913  0.14859744  0.09399231  0.05039298]
  [ 0.02481771  0.13862403  0.26308297  0.03149986  0.49448744]
  [-0.11953411 -0.23309285  0.26606712  0.02814957  0.51775379]
  [ 0.404101    0.30287927 -0.03024943  0.17037076  0.07855412]]

 [[-2.20469529 -1.49460647  2.36716046 -1.93045914  3.4800917 ]
  [-0.20139234 -0.51454171 -0.44963228 -0.28440582 -0.15248118]
  [ 0.116947    0.65322965  1.23970999  0.14843486  2.33014328]
  [-1.47823466 -2.88257403  3.29035479  0.34811539  6.40287179]
  [-3.999813   -2.99791497  0.29941041 -1.6863388  -0.77753286]]]
================================LAST EPOCH==================================
[(0, 0, 0), (0, 0, 1), (0, 0, 2), (0, 0, 3), (0, 0, 4), (0, 1, 0), (0, 1, 1), (0, 1, 2), (0, 1, 3), (0, 1, 4), (0, 2, 0), (0, 2, 1), (0, 2, 2), (0, 2, 3), (0, 2, 4), (0, 3, 0), (0, 3, 1), (0, 3, 2), (0, 3, 3), (0, 3, 4), (0, 4, 0), (0, 4, 1), (0, 4, 2), (0, 4, 3), (0, 4, 4), (1, 0, 0), (1, 0, 1), (1, 0, 2), (1, 0, 3), (1, 0, 4), (1, 1, 0), (1, 1, 1), (1, 1, 2), (1, 1, 3), (1, 1, 4), (1, 2, 0), (1, 2, 1), (1, 2, 2), (1, 2, 3), (1, 2, 4), (1, 3, 0), (1, 3, 1), (1, 3, 2), (1, 3, 3), (1, 3, 4), (1, 4, 0), (1, 4, 1), (1, 4, 2), (1, 4, 3), (1, 4, 4), (2, 0, 0), (2, 0, 1), (2, 0, 2), (2, 0, 3), (2, 0, 4), (2, 1, 0), (2, 1, 1), (2, 1, 2), (2, 1, 3), (2, 1, 4), (2, 2, 0), (2, 2, 1), (2, 2, 2), (2, 2, 3), (2, 2, 4), (2, 3, 0), (2, 3, 1), (2, 3, 2), (2, 3, 3), (2, 3, 4), (2, 4, 0), (2, 4, 1), (2, 4, 2), (2, 4, 3), (2, 4, 4), (3, 0, 0), (3, 0, 1), (3, 0, 2), (3, 0, 3), (3, 0, 4), (3, 1, 0), (3, 1, 1), (3, 1, 2), (3, 1, 3), (3, 1, 4), (3, 2, 0), (3, 2, 1), (3, 2, 2), (3, 2, 3), (3, 2, 4), (3, 3, 0), (3, 3, 1), (3, 3, 2), (3, 3, 3), (3, 3, 4), (3, 4, 0), (3, 4, 1), (3, 4, 2), (3, 4, 3), (3, 4, 4), (4, 0, 0), (4, 0, 1), (4, 0, 2), (4, 0, 3), (4, 0, 4), (4, 1, 0), (4, 1, 1), (4, 1, 2), (4, 1, 3), (4, 1, 4), (4, 2, 0), (4, 2, 1), (4, 2, 2), (4, 2, 3), (4, 2, 4), (4, 3, 0), (4, 3, 1), (4, 3, 2), (4, 3, 3), (4, 3, 4), (4, 4, 0), (4, 4, 1), (4, 4, 2), (4, 4, 3), (4, 4, 4)]
[[[-1.32949375e+01 -6.37569249e+01  6.09340181e+01 -2.34019869e+01
    1.74929482e+01]
  [-2.28526121e+01 -1.19915004e+02 -9.44472833e+00  1.14081261e+00
   -3.47395511e+01]
  [ 1.66429224e+01 -4.62328601e+01 -1.77361480e+01 -5.45381218e+01
    3.11156447e+01]
  [ 5.62503190e+00 -7.60767425e+00 -2.50522318e+01 -9.56548768e-01
   -5.37261830e+00]
  [ 1.10511454e+00 -1.34884836e+00  3.30608369e+00 -5.76322224e+00
    4.32832560e+00]]

 [[-6.18567599e+00 -2.96638986e+01  2.83504974e+01 -1.08881375e+01
    8.13886558e+00]
  [-2.06653758e+01 -1.08437872e+02 -8.54076808e+00  1.03162479e+00
   -3.14146091e+01]
  [ 8.87958658e+00 -2.46668629e+01 -9.46286105e+00 -2.90980132e+01
    1.66012948e+01]
  [ 1.09089555e+01 -1.47540106e+01 -4.85852679e+01 -1.85509134e+00
   -1.04194350e+01]
  [ 8.40707445e+00 -1.02612609e+01  2.51507792e+01 -4.38432731e+01
    3.29274064e+01]]

 [[-2.69675857e+01 -1.29325191e+02  1.23599178e+02 -4.74688268e+01
    3.54828729e+01]
  [ 2.11872419e+01  1.11176271e+02  8.75644948e+00 -1.05767658e+00
    3.22079273e+01]
  [-4.58101273e+00  1.27257291e+01  4.88192626e+00  1.50117765e+01
   -8.56467160e+00]
  [-3.15136524e+01  4.26211986e+01  1.40352506e+02  5.35896434e+00
    3.00995316e+01]
  [ 1.25916822e+01 -1.53687870e+01  3.76695390e+01 -6.56661916e+01
    4.93169699e+01]]

 [[ 4.26652525e+00  2.04604594e+01 -1.95545504e+01  7.51001407e+00
   -5.61372363e+00]
  [-2.86058786e+00 -1.50104243e+01 -1.18224888e+00  1.42801824e-01
   -4.34854175e+00]
  [-3.29344914e+00  9.14896856e+00  3.50978633e+00  1.07924874e+01
   -6.15743984e+00]
  [-1.17318210e+01  1.58669096e+01  5.22500679e+01  1.99502138e+00
    1.12053758e+01]
  [-1.21591615e+00  1.48408736e+00 -3.63756012e+00  6.34105768e+00
   -4.76229462e+00]]

 [[-9.14618946e+01 -4.38612752e+02  4.19192698e+02 -1.60992863e+02
    1.20341910e+02]
  [ 2.17060370e+01  1.13898556e+02  8.97086169e+00 -1.08357507e+00
    3.29965772e+01]
  [ 1.10935133e+01 -3.08169945e+01 -1.18222142e+01 -3.63529532e+01
    2.07404571e+01]
  [-1.12716981e+02  1.52446083e+02  5.02008165e+02  1.91677650e+01
    1.07659002e+02]
  [-1.04829611e+00  1.27949859e+00 -3.13610450e+00  5.46691157e+00
   -4.10578879e+00]]]
test_error 0.14395543932914734
train_error 0.14569471776485443

