================================BEST EPOCH======================================
[(0, 0, 0), (0, 0, 1), (0, 0, 2), (0, 0, 3), (0, 0, 4), (0, 1, 0), (0, 1, 1), (0, 1, 2), (0, 1, 3), (0, 1, 4), (0, 2, 0), (0, 2, 1), (0, 2, 2), (0, 2, 3), (0, 2, 4), (0, 3, 0), (0, 3, 1), (0, 3, 2), (0, 3, 3), (0, 3, 4), (0, 4, 0), (0, 4, 1), (0, 4, 2), (0, 4, 3), (0, 4, 4), (1, 0, 0), (1, 0, 1), (1, 0, 2), (1, 0, 3), (1, 0, 4), (1, 1, 0), (1, 1, 1), (1, 1, 2), (1, 1, 3), (1, 1, 4), (1, 2, 0), (1, 2, 1), (1, 2, 2), (1, 2, 3), (1, 2, 4), (1, 3, 0), (1, 3, 1), (1, 3, 2), (1, 3, 3), (1, 3, 4), (1, 4, 0), (1, 4, 1), (1, 4, 2), (1, 4, 3), (1, 4, 4), (2, 0, 0), (2, 0, 1), (2, 0, 2), (2, 0, 3), (2, 0, 4), (2, 1, 0), (2, 1, 1), (2, 1, 2), (2, 1, 3), (2, 1, 4), (2, 2, 0), (2, 2, 1), (2, 2, 2), (2, 2, 3), (2, 2, 4), (2, 3, 0), (2, 3, 1), (2, 3, 2), (2, 3, 3), (2, 3, 4), (2, 4, 0), (2, 4, 1), (2, 4, 2), (2, 4, 3), (2, 4, 4), (3, 0, 0), (3, 0, 1), (3, 0, 2), (3, 0, 3), (3, 0, 4), (3, 1, 0), (3, 1, 1), (3, 1, 2), (3, 1, 3), (3, 1, 4), (3, 2, 0), (3, 2, 1), (3, 2, 2), (3, 2, 3), (3, 2, 4), (3, 3, 0), (3, 3, 1), (3, 3, 2), (3, 3, 3), (3, 3, 4), (3, 4, 0), (3, 4, 1), (3, 4, 2), (3, 4, 3), (3, 4, 4), (4, 0, 0), (4, 0, 1), (4, 0, 2), (4, 0, 3), (4, 0, 4), (4, 1, 0), (4, 1, 1), (4, 1, 2), (4, 1, 3), (4, 1, 4), (4, 2, 0), (4, 2, 1), (4, 2, 2), (4, 2, 3), (4, 2, 4), (4, 3, 0), (4, 3, 1), (4, 3, 2), (4, 3, 3), (4, 3, 4), (4, 4, 0), (4, 4, 1), (4, 4, 2), (4, 4, 3), (4, 4, 4)]
[[[ 3.07277044e-01  1.42312914e-01 -1.34616527e-01  3.00185100e-02
    1.25257145e-01]
  [-1.90584686e-01 -4.68406608e-02 -1.47610531e-02 -1.07547333e-01
    1.81067878e-03]
  [ 5.17550678e-02 -1.97159495e-02 -8.68402511e-02  2.12617965e-02
   -3.60062263e-04]
  [ 1.74109219e-01  8.42048275e-02 -1.12259850e-03  9.30562358e-02
    7.74293389e-02]
  [-1.33156106e+00 -5.06442661e-01 -2.01483021e+00 -4.64921085e-01
    8.69797615e-02]]

 [[-9.58586084e-02 -4.43961503e-02  4.19951739e-02 -9.36461949e-03
   -3.90754071e-02]
  [ 5.35899557e-01  1.31709897e-01  4.15061776e-02  3.02409229e-01
   -5.09139519e-03]
  [ 1.19997303e+00 -4.57126396e-01 -2.01344454e+00  4.92967807e-01
   -8.34826465e-03]
  [ 4.81769625e-01  2.32999312e-01 -3.10629077e-03  2.57491638e-01
    2.14251169e-01]
  [-2.51693785e+00 -9.57285959e-01 -3.80846406e+00 -8.78801216e-01
    1.64410526e-01]]

 [[-1.95340384e+00 -9.04703415e-01  8.55776390e-01 -1.90831934e-01
   -7.96277471e-01]
  [ 1.20405103e+00  2.95923807e-01  9.32554528e-02  6.79448488e-01
   -1.14392698e-02]
  [ 5.32447253e-01 -2.02834304e-01 -8.93397595e-01  2.18737712e-01
   -3.70425874e-03]
  [-4.53974238e-01 -2.19556567e-01  2.92707533e-03 -2.42635824e-01
   -2.01890086e-01]
  [ 1.39364651e+00  5.30056091e-01  2.10877382e+00  4.86598527e-01
   -9.10352857e-02]]

 [[-2.96705839e-01 -1.37416944e-01  1.29985335e-01 -2.89857877e-02
   -1.20947942e-01]
  [-3.34754467e-01 -8.22737692e-02 -2.59272063e-02 -1.88902639e-01
    3.18038570e-03]
  [-1.97595285e-01  7.52733758e-02  3.31546743e-01 -8.11752532e-02
    1.37467901e-03]
  [ 4.91265895e-01  2.37592014e-01 -3.16751957e-03  2.62567114e-01
    2.18474322e-01]
  [ 3.24274245e-01  1.23333670e-01  4.90670362e-01  1.13221946e-01
   -2.11821278e-02]]

 [[-1.60737125e-01 -7.44441181e-02  7.04181256e-02 -1.57027318e-02
   -6.55222177e-02]
  [-1.61484569e-01 -3.96886241e-02 -1.25072080e-02 -9.11260768e-02
    1.53420870e-03]
  [-9.50819702e-01  3.62212128e-01  1.59538815e+00 -3.90611699e-01
    6.61489411e-03]
  [ 2.72992356e+01  1.32027898e+01 -1.76016417e-01  1.45906353e+01
    1.21404356e+01]
  [-1.44598615e+00 -5.49962822e-01 -2.18797071e+00 -5.04873170e-01
    9.44541973e-02]]]
=================================0TH EPOCH====================================
[(0, 0, 0), (0, 0, 1), (0, 0, 2), (0, 0, 3), (0, 0, 4), (0, 1, 0), (0, 1, 1), (0, 1, 2), (0, 1, 3), (0, 1, 4), (0, 2, 0), (0, 2, 1), (0, 2, 2), (0, 2, 3), (0, 2, 4), (0, 3, 0), (0, 3, 1), (0, 3, 2), (0, 3, 3), (0, 3, 4), (0, 4, 0), (0, 4, 1), (0, 4, 2), (0, 4, 3), (0, 4, 4), (1, 0, 0), (1, 0, 1), (1, 0, 2), (1, 0, 3), (1, 0, 4), (1, 1, 0), (1, 1, 1), (1, 1, 2), (1, 1, 3), (1, 1, 4), (1, 2, 0), (1, 2, 1), (1, 2, 2), (1, 2, 3), (1, 2, 4), (1, 3, 0), (1, 3, 1), (1, 3, 2), (1, 3, 3), (1, 3, 4), (1, 4, 0), (1, 4, 1), (1, 4, 2), (1, 4, 3), (1, 4, 4), (2, 0, 0), (2, 0, 1), (2, 0, 2), (2, 0, 3), (2, 0, 4), (2, 1, 0), (2, 1, 1), (2, 1, 2), (2, 1, 3), (2, 1, 4), (2, 2, 0), (2, 2, 1), (2, 2, 2), (2, 2, 3), (2, 2, 4), (2, 3, 0), (2, 3, 1), (2, 3, 2), (2, 3, 3), (2, 3, 4), (2, 4, 0), (2, 4, 1), (2, 4, 2), (2, 4, 3), (2, 4, 4), (3, 0, 0), (3, 0, 1), (3, 0, 2), (3, 0, 3), (3, 0, 4), (3, 1, 0), (3, 1, 1), (3, 1, 2), (3, 1, 3), (3, 1, 4), (3, 2, 0), (3, 2, 1), (3, 2, 2), (3, 2, 3), (3, 2, 4), (3, 3, 0), (3, 3, 1), (3, 3, 2), (3, 3, 3), (3, 3, 4), (3, 4, 0), (3, 4, 1), (3, 4, 2), (3, 4, 3), (3, 4, 4), (4, 0, 0), (4, 0, 1), (4, 0, 2), (4, 0, 3), (4, 0, 4), (4, 1, 0), (4, 1, 1), (4, 1, 2), (4, 1, 3), (4, 1, 4), (4, 2, 0), (4, 2, 1), (4, 2, 2), (4, 2, 3), (4, 2, 4), (4, 3, 0), (4, 3, 1), (4, 3, 2), (4, 3, 3), (4, 3, 4), (4, 4, 0), (4, 4, 1), (4, 4, 2), (4, 4, 3), (4, 4, 4)]
[[[ 4.18756805e-03  1.28911787e-02  4.56975112e-04 -8.57305290e-03
   -1.62372095e-03]
  [ 4.66262161e-03 -2.92374847e-03 -5.36023007e-05  2.78247647e-03
   -1.25387824e-03]
  [ 1.33387133e-03 -1.47864264e-04 -1.21797460e-04 -1.51034197e-03
   -1.06599250e-03]
  [-1.21431983e-02 -2.91911074e-03  7.21173295e-04 -6.62261788e-03
   -5.12704343e-04]
  [ 1.05010136e-02  5.43327381e-03  1.67393366e-03  1.77657606e-02
   -8.18861023e-03]]

 [[ 2.38826748e-04  7.35213914e-04  2.60623538e-05 -4.88941152e-04
   -9.26045833e-05]
  [-7.46813098e-04  4.68297417e-04  8.58549194e-06 -4.45669850e-04
    2.00833945e-04]
  [ 7.27149146e-05 -8.06070053e-06 -6.63968983e-06 -8.23350688e-05
   -5.81117174e-05]
  [ 1.04064850e-03  2.50162118e-04 -6.18031500e-05  5.67545484e-04
    4.39377659e-05]
  [-4.26822163e-04 -2.20839795e-04 -6.80383833e-05 -7.22103665e-04
    3.32832665e-04]]

 [[-9.21325301e-04 -2.83624505e-03 -1.00541108e-04  1.88619515e-03
    3.57242002e-04]
  [ 1.01991859e-03 -6.39551238e-04 -1.17251597e-05  6.08648894e-04
   -2.74277828e-04]
  [ 4.09145232e-04 -4.53551683e-05 -3.73595630e-05 -4.63274983e-04
   -3.26977378e-04]
  [-1.03476584e-03 -2.48747983e-04  6.14537846e-05 -5.64337221e-04
   -4.36893913e-05]
  [ 1.72920174e-03  8.94697116e-04  2.75646630e-04  2.92548753e-03
   -1.34841832e-03]]

 [[ 7.12046948e-03  2.19199410e-02  7.77032708e-04 -1.45774733e-02
   -2.76094748e-03]
  [ 4.49704758e-03 -2.81992345e-03 -5.16988332e-05  2.68366815e-03
   -1.20935186e-03]
  [-9.47064001e-03  1.04985330e-03  8.64775989e-04  1.07236019e-02
    7.56866950e-03]
  [ 1.88598512e-02  4.53373096e-03 -1.12006909e-03  1.02857241e-02
    7.96291668e-04]
  [ 1.58149745e-03  8.18274221e-04  2.52101552e-04  2.67559936e-03
   -1.23323964e-03]]

 [[ 4.98886361e-03  1.53579194e-02  5.44417782e-04 -1.02135156e-02
   -1.93442166e-03]
  [ 7.68168299e-03 -4.81688432e-03 -8.83099501e-05  4.58413827e-03
   -2.06576813e-03]
  [-1.37791548e-02  1.52746711e-03  1.25819187e-03  1.56021315e-02
    1.10119135e-02]
  [ 1.86201089e-02  4.47609917e-03 -1.10583101e-03  1.01549743e-02
    7.86169383e-04]
  [-1.01101168e-02 -5.23102197e-03 -1.61162203e-03 -1.71044360e-02
    7.88379188e-03]]]
===============================MIDDLE EPOCH====================================
[(0, 0, 0), (0, 0, 1), (0, 0, 2), (0, 0, 3), (0, 0, 4), (0, 1, 0), (0, 1, 1), (0, 1, 2), (0, 1, 3), (0, 1, 4), (0, 2, 0), (0, 2, 1), (0, 2, 2), (0, 2, 3), (0, 2, 4), (0, 3, 0), (0, 3, 1), (0, 3, 2), (0, 3, 3), (0, 3, 4), (0, 4, 0), (0, 4, 1), (0, 4, 2), (0, 4, 3), (0, 4, 4), (1, 0, 0), (1, 0, 1), (1, 0, 2), (1, 0, 3), (1, 0, 4), (1, 1, 0), (1, 1, 1), (1, 1, 2), (1, 1, 3), (1, 1, 4), (1, 2, 0), (1, 2, 1), (1, 2, 2), (1, 2, 3), (1, 2, 4), (1, 3, 0), (1, 3, 1), (1, 3, 2), (1, 3, 3), (1, 3, 4), (1, 4, 0), (1, 4, 1), (1, 4, 2), (1, 4, 3), (1, 4, 4), (2, 0, 0), (2, 0, 1), (2, 0, 2), (2, 0, 3), (2, 0, 4), (2, 1, 0), (2, 1, 1), (2, 1, 2), (2, 1, 3), (2, 1, 4), (2, 2, 0), (2, 2, 1), (2, 2, 2), (2, 2, 3), (2, 2, 4), (2, 3, 0), (2, 3, 1), (2, 3, 2), (2, 3, 3), (2, 3, 4), (2, 4, 0), (2, 4, 1), (2, 4, 2), (2, 4, 3), (2, 4, 4), (3, 0, 0), (3, 0, 1), (3, 0, 2), (3, 0, 3), (3, 0, 4), (3, 1, 0), (3, 1, 1), (3, 1, 2), (3, 1, 3), (3, 1, 4), (3, 2, 0), (3, 2, 1), (3, 2, 2), (3, 2, 3), (3, 2, 4), (3, 3, 0), (3, 3, 1), (3, 3, 2), (3, 3, 3), (3, 3, 4), (3, 4, 0), (3, 4, 1), (3, 4, 2), (3, 4, 3), (3, 4, 4), (4, 0, 0), (4, 0, 1), (4, 0, 2), (4, 0, 3), (4, 0, 4), (4, 1, 0), (4, 1, 1), (4, 1, 2), (4, 1, 3), (4, 1, 4), (4, 2, 0), (4, 2, 1), (4, 2, 2), (4, 2, 3), (4, 2, 4), (4, 3, 0), (4, 3, 1), (4, 3, 2), (4, 3, 3), (4, 3, 4), (4, 4, 0), (4, 4, 1), (4, 4, 2), (4, 4, 3), (4, 4, 4)]
[[[ 4.50765277e-02  2.99667376e-02  4.53532215e-02  8.54841186e-03
    2.63735220e-02]
  [ 1.18587937e-01  1.34069067e-01 -1.57184895e-02  1.06539725e-01
   -3.61046429e-02]
  [-1.66207489e-01  1.16675582e-01  1.68759893e-01 -1.75252148e-02
    5.67549039e-02]
  [-1.51761547e-02 -1.21761365e-02 -5.49400498e-03 -1.02850318e-02
   -8.23300576e-03]
  [ 1.48310331e+00  8.43827422e-01  1.58291038e+00  7.04761478e-01
   -3.76028372e-01]]

 [[-1.72456286e-01 -1.14648411e-01 -1.73514877e-01 -3.27049895e-02
   -1.00901287e-01]
  [ 5.90191210e-02  6.67238058e-02 -7.82281450e-03  5.30229387e-02
   -1.79686428e-02]
  [ 5.76444999e-01 -4.04657192e-01 -5.85297309e-01  6.07813911e-02
   -1.96838786e-01]
  [-2.73456223e-02 -2.19399471e-02 -9.89954228e-03 -1.85324016e-02
   -1.48348953e-02]
  [-3.89757765e-01 -2.21756832e-01 -4.15986944e-01 -1.85210469e-01
    9.88198039e-02]]

 [[-7.86925427e-01 -5.23145615e-01 -7.91755821e-01 -1.49234269e-01
   -4.60416899e-01]
  [ 5.21187913e-01  5.89226686e-01 -6.90819566e-02  4.68236637e-01
   -1.58678057e-01]
  [ 2.52756569e-01 -1.77431955e-01 -2.56638083e-01  2.66511044e-02
   -8.63088349e-02]
  [-8.46050713e-02 -6.78803636e-02 -3.06283569e-02 -5.73377026e-02
   -4.58979269e-02]
  [ 2.28299704e-01  1.29893548e-01  2.43663384e-01  1.08486601e-01
   -5.78834702e-02]]

 [[ 4.00500300e-02  2.66251374e-02  4.02958696e-02  7.59517579e-03
    2.34326024e-02]
  [ 7.03516469e-03  7.95357428e-03 -9.32490816e-04  6.32041108e-03
   -2.14188824e-03]
  [-1.25895785e-02  8.83772692e-03  1.27829133e-02 -1.32746766e-03
    4.29896584e-03]
  [ 6.70641434e-02  5.38069216e-02  2.42782671e-02  4.54500404e-02
    3.63820407e-02]
  [ 5.11139899e-02  2.90818489e-02  5.45537623e-02  2.42890505e-02
   -1.29595223e-02]]

 [[-3.33460729e-02 -2.21683672e-02 -3.35507615e-02 -6.32382261e-03
   -1.95102292e-02]
  [-6.01851421e-02 -6.80420457e-02  7.97736723e-03 -5.40704952e-02
    1.83236433e-02]
  [-6.57290830e-01  4.61409955e-01  6.67384668e-01 -6.93059200e-02
    2.24445228e-01]
  [ 1.39112610e+00  1.11612867e+00  5.03609371e-01  9.42780067e-01
    7.54680579e-01]
  [-1.18987426e-01 -6.76991634e-02 -1.26994816e-01 -5.65420858e-02
    3.01682614e-02]]]
================================LAST EPOCH==================================
[(0, 0, 0), (0, 0, 1), (0, 0, 2), (0, 0, 3), (0, 0, 4), (0, 1, 0), (0, 1, 1), (0, 1, 2), (0, 1, 3), (0, 1, 4), (0, 2, 0), (0, 2, 1), (0, 2, 2), (0, 2, 3), (0, 2, 4), (0, 3, 0), (0, 3, 1), (0, 3, 2), (0, 3, 3), (0, 3, 4), (0, 4, 0), (0, 4, 1), (0, 4, 2), (0, 4, 3), (0, 4, 4), (1, 0, 0), (1, 0, 1), (1, 0, 2), (1, 0, 3), (1, 0, 4), (1, 1, 0), (1, 1, 1), (1, 1, 2), (1, 1, 3), (1, 1, 4), (1, 2, 0), (1, 2, 1), (1, 2, 2), (1, 2, 3), (1, 2, 4), (1, 3, 0), (1, 3, 1), (1, 3, 2), (1, 3, 3), (1, 3, 4), (1, 4, 0), (1, 4, 1), (1, 4, 2), (1, 4, 3), (1, 4, 4), (2, 0, 0), (2, 0, 1), (2, 0, 2), (2, 0, 3), (2, 0, 4), (2, 1, 0), (2, 1, 1), (2, 1, 2), (2, 1, 3), (2, 1, 4), (2, 2, 0), (2, 2, 1), (2, 2, 2), (2, 2, 3), (2, 2, 4), (2, 3, 0), (2, 3, 1), (2, 3, 2), (2, 3, 3), (2, 3, 4), (2, 4, 0), (2, 4, 1), (2, 4, 2), (2, 4, 3), (2, 4, 4), (3, 0, 0), (3, 0, 1), (3, 0, 2), (3, 0, 3), (3, 0, 4), (3, 1, 0), (3, 1, 1), (3, 1, 2), (3, 1, 3), (3, 1, 4), (3, 2, 0), (3, 2, 1), (3, 2, 2), (3, 2, 3), (3, 2, 4), (3, 3, 0), (3, 3, 1), (3, 3, 2), (3, 3, 3), (3, 3, 4), (3, 4, 0), (3, 4, 1), (3, 4, 2), (3, 4, 3), (3, 4, 4), (4, 0, 0), (4, 0, 1), (4, 0, 2), (4, 0, 3), (4, 0, 4), (4, 1, 0), (4, 1, 1), (4, 1, 2), (4, 1, 3), (4, 1, 4), (4, 2, 0), (4, 2, 1), (4, 2, 2), (4, 2, 3), (4, 2, 4), (4, 3, 0), (4, 3, 1), (4, 3, 2), (4, 3, 3), (4, 3, 4), (4, 4, 0), (4, 4, 1), (4, 4, 2), (4, 4, 3), (4, 4, 4)]
[[[ 2.82489378e-01  1.39109614e-01 -1.23770432e-01  2.30996669e-02
    1.03907372e-01]
  [-1.97863035e-01 -3.92656832e-02 -3.20164508e-02 -1.02572526e-01
    1.35810013e-03]
  [ 1.58045787e-02 -4.85981836e-03 -2.98479998e-02  6.19581301e-03
   -8.30996622e-05]
  [ 1.99189240e-01  8.60896894e-02 -6.55801801e-04  9.82627856e-02
    8.02475941e-02]
  [-1.23521526e+00 -4.47980822e-01 -1.64445438e+00 -4.09209812e-01
    5.89821926e-02]]

 [[-5.42030686e-02 -2.66918636e-02  2.37486352e-02 -4.43228286e-03
   -1.99373811e-02]
  [ 6.40961154e-01  1.27197976e-01  1.03714679e-01  3.32275326e-01
   -4.39945452e-03]
  [ 1.33693047e+00 -4.11098541e-01 -2.52488226e+00  5.24112116e-01
   -7.02951167e-03]
  [ 5.54243412e-01  2.39544281e-01 -1.82476638e-03  2.73415881e-01
    2.23288670e-01]
  [-2.86855542e+00 -1.04035131e+00 -3.81893639e+00 -9.50312920e-01
    1.36975063e-01]]

 [[-2.02809092e+00 -9.98717002e-01  8.88591599e-01 -1.65840659e-01
   -7.45987684e-01]
  [ 1.27090907e+00  2.52210387e-01  2.05647293e-01  6.58841369e-01
   -8.72331591e-03]
  [ 4.56126669e-01 -1.40256365e-01 -8.61425604e-01  1.78813723e-01
   -2.39829057e-03]
  [-5.11368675e-01 -2.21013798e-01  1.68360750e-03 -2.52265186e-01
   -2.06015676e-01]
  [ 1.55715713e+00  5.64740862e-01  2.07305880e+00  5.15864721e-01
   -7.43550899e-02]]

 [[-2.73392650e-01 -1.34630004e-01  1.19784774e-01 -2.23558110e-02
   -1.00561344e-01]
  [-3.85251572e-01 -7.64527147e-02 -6.23380107e-02 -1.99715054e-01
    2.64430498e-03]
  [-1.72838239e-01  5.31467786e-02  3.26416528e-01 -6.77571624e-02
    9.08774571e-04]
  [ 5.36771583e-01  2.31992948e-01 -1.76724291e-03  2.64796789e-01
    2.16249774e-01]
  [ 3.56317736e-01  1.29227283e-01  4.74369351e-01  1.18043161e-01
   -1.70143634e-02]]

 [[-1.00099481e-01 -4.92931816e-02  4.38577765e-02 -8.18531546e-03
   -3.68193455e-02]
  [-2.36552138e-01 -4.69434895e-02 -3.82767801e-02 -1.22629021e-01
    1.62365592e-03]
  [-7.85891748e-01  2.41657258e-01  1.48420892e+00 -3.08090358e-01
    4.13217840e-03]
  [ 4.08710335e+01  1.76644812e+01 -1.34561975e-01  2.01622418e+01
    1.64657595e+01]
  [-1.77859416e+00 -6.45050379e-01 -2.36786011e+00 -5.89223760e-01
    8.49288269e-02]]]
    
test_error 0.0034330198541283607
train_error 0.0010264036245644093
