================================BEST EPOCH======================================
Path values of layer 3 node 1
[(0, 0, 0), (0, 1, 0), (0, 2, 0), (0, 3, 0), (0, 4, 0), (1, 0, 0), (1, 1, 0), (1, 2, 0), (1, 3, 0), (1, 4, 0), (2, 0, 0), (2, 1, 0), (2, 2, 0), (2, 3, 0), (2, 4, 0), (3, 0, 0), (3, 1, 0), (3, 2, 0), (3, 3, 0), (3, 4, 0), (4, 0, 0), (4, 1, 0), (4, 2, 0), (4, 3, 0), (4, 4, 0)]
[[ -13.19624732  -22.88044239   16.68927327    5.51573208    1.11394593]
 [  -6.3313861   -20.97376713    8.97264361   11.17701657    8.51036121]
 [ -27.86937106   22.01052969   -4.21485264  -32.57730206   12.95187992]
 [   4.48559054   -2.90137351   -3.12943791  -11.83748228   -1.2339658 ]
 [ -91.30024713   21.66773612   10.65458399 -112.34812932   -1.016305  ]]
=================================0TH EPOCH====================================
Path values of layer 3 node 1
[(0, 0, 0), (0, 1, 0), (0, 2, 0), (0, 3, 0), (0, 4, 0), (1, 0, 0), (1, 1, 0), (1, 2, 0), (1, 3, 0), (1, 4, 0), (2, 0, 0), (2, 1, 0), (2, 2, 0), (2, 3, 0), (2, 4, 0), (3, 0, 0), (3, 1, 0), (3, 2, 0), (3, 3, 0), (3, 4, 0), (4, 0, 0), (4, 1, 0), (4, 2, 0), (4, 3, 0), (4, 4, 0)]
[[ 4.18756805e-03  4.66262161e-03  1.33387133e-03 -1.21431983e-02
   1.05010136e-02]
 [ 2.38826748e-04 -7.46813098e-04  7.27149146e-05  1.04064850e-03
  -4.26822163e-04]
 [-9.21325301e-04  1.01991859e-03  4.09145232e-04 -1.03476584e-03
   1.72920174e-03]
 [ 7.12046948e-03  4.49704758e-03 -9.47064001e-03  1.88598512e-02
   1.58149745e-03]
 [ 4.98886361e-03  7.68168299e-03 -1.37791548e-02  1.86201089e-02
  -1.01101168e-02]]
===============================MIDDLE EPOCH====================================
Path values of layer 3 node 1
[(0, 0, 0), (0, 1, 0), (0, 2, 0), (0, 3, 0), (0, 4, 0), (1, 0, 0), (1, 1, 0), (1, 2, 0), (1, 3, 0), (1, 4, 0), (2, 0, 0), (2, 1, 0), (2, 2, 0), (2, 3, 0), (2, 4, 0), (3, 0, 0), (3, 1, 0), (3, 2, 0), (3, 3, 0), (3, 4, 0), (4, 0, 0), (4, 1, 0), (4, 2, 0), (4, 3, 0), (4, 4, 0)]
[[-1.26603056 -0.79866668 -0.17889783 -0.41748408  0.5928556 ]
 [ 0.64902436 -0.14477943  0.08201109  0.0823783   2.34599866]
 [ 0.25197865 -0.21285808 -0.06638846  0.10377323 -0.47401924]
 [-0.10221199  0.06655747  0.02481771 -0.11953411  0.404101  ]
 [-2.20469529 -0.20139234  0.116947   -1.47823466 -3.999813  ]]
================================LAST EPOCH==================================
Path values of layer 3 node 1
[(0, 0, 0), (0, 1, 0), (0, 2, 0), (0, 3, 0), (0, 4, 0), (1, 0, 0), (1, 1, 0), (1, 2, 0), (1, 3, 0), (1, 4, 0), (2, 0, 0), (2, 1, 0), (2, 2, 0), (2, 3, 0), (2, 4, 0), (3, 0, 0), (3, 1, 0), (3, 2, 0), (3, 3, 0), (3, 4, 0), (4, 0, 0), (4, 1, 0), (4, 2, 0), (4, 3, 0), (4, 4, 0)]
[[ -13.29493754  -22.85261215   16.64292236    5.6250319     1.10511454]
 [  -6.18567599  -20.6653758     8.87958658   10.90895552    8.40707445]
 [ -26.9675857    21.18724189   -4.58101273  -31.51365237   12.5916822 ]
 [   4.26652525   -2.86058786   -3.29344914  -11.73182099   -1.21591615]
 [ -91.46189459   21.70603704   11.09351326 -112.71698141   -1.04829611]]
 
 
test_error 0.14395543932914734
train_error 0.14569471776485443
