================================BEST EPOCH======================================
[(0, 0, 0), (0, 0, 1), (0, 0, 2), (0, 0, 3), (0, 0, 4), (0, 1, 0), (0, 1, 1), (0, 1, 2), (0, 1, 3), (0, 1, 4), (0, 2, 0), (0, 2, 1), (0, 2, 2), (0, 2, 3), (0, 2, 4), (0, 3, 0), (0, 3, 1), (0, 3, 2), (0, 3, 3), (0, 3, 4), (0, 4, 0), (0, 4, 1), (0, 4, 2), (0, 4, 3), (0, 4, 4), (1, 0, 0), (1, 0, 1), (1, 0, 2), (1, 0, 3), (1, 0, 4), (1, 1, 0), (1, 1, 1), (1, 1, 2), (1, 1, 3), (1, 1, 4), (1, 2, 0), (1, 2, 1), (1, 2, 2), (1, 2, 3), (1, 2, 4), (1, 3, 0), (1, 3, 1), (1, 3, 2), (1, 3, 3), (1, 3, 4), (1, 4, 0), (1, 4, 1), (1, 4, 2), (1, 4, 3), (1, 4, 4), (2, 0, 0), (2, 0, 1), (2, 0, 2), (2, 0, 3), (2, 0, 4), (2, 1, 0), (2, 1, 1), (2, 1, 2), (2, 1, 3), (2, 1, 4), (2, 2, 0), (2, 2, 1), (2, 2, 2), (2, 2, 3), (2, 2, 4), (2, 3, 0), (2, 3, 1), (2, 3, 2), (2, 3, 3), (2, 3, 4), (2, 4, 0), (2, 4, 1), (2, 4, 2), (2, 4, 3), (2, 4, 4), (3, 0, 0), (3, 0, 1), (3, 0, 2), (3, 0, 3), (3, 0, 4), (3, 1, 0), (3, 1, 1), (3, 1, 2), (3, 1, 3), (3, 1, 4), (3, 2, 0), (3, 2, 1), (3, 2, 2), (3, 2, 3), (3, 2, 4), (3, 3, 0), (3, 3, 1), (3, 3, 2), (3, 3, 3), (3, 3, 4), (3, 4, 0), (3, 4, 1), (3, 4, 2), (3, 4, 3), (3, 4, 4), (4, 0, 0), (4, 0, 1), (4, 0, 2), (4, 0, 3), (4, 0, 4), (4, 1, 0), (4, 1, 1), (4, 1, 2), (4, 1, 3), (4, 1, 4), (4, 2, 0), (4, 2, 1), (4, 2, 2), (4, 2, 3), (4, 2, 4), (4, 3, 0), (4, 3, 1), (4, 3, 2), (4, 3, 3), (4, 3, 4), (4, 4, 0), (4, 4, 1), (4, 4, 2), (4, 4, 3), (4, 4, 4)]
[[[ 2.82134158e-01  1.39116432e-01 -1.23772118e-01  2.28900300e-02
    1.03351048e-01]
  [-1.98305223e-01 -3.90142805e-02 -3.25444422e-02 -1.02334306e-01
    1.34379705e-03]
  [ 1.50890032e-02 -4.59355592e-03 -2.86009678e-02  5.90055330e-03
   -7.85051043e-05]
  [ 2.00246498e-01  8.58918489e-02 -6.40003763e-04  9.83700307e-02
    8.03415642e-02]
  [-1.23501763e+00 -4.46755073e-01 -1.64434004e+00 -4.07934876e-01
    5.83325924e-02]]

 [[-5.28761225e-02 -2.60724812e-02  2.31967293e-02 -4.28993087e-03
   -1.93695181e-02]
  [ 6.45178048e-01  1.26931389e-01  1.05882031e-01  3.32940538e-01
   -4.37198952e-03]
  [ 1.34151554e+00 -4.08398523e-01 -2.54282156e+00  5.24599526e-01
   -6.97964044e-03]
  [ 5.57351042e-01  2.39064912e-01 -1.78133834e-03  2.73795744e-01
    2.23616667e-01]
  [-2.88220515e+00 -1.04260842e+00 -3.83745561e+00 -9.52012325e-01
    1.36132873e-01]]

 [[-2.03260510e+00 -1.00224933e+00  8.91702871e-01 -1.64908752e-01
   -7.44581476e-01]
  [ 1.27420262e+00  2.50684766e-01  2.09113068e-01  6.57545165e-01
   -8.63451650e-03]
  [ 4.53847823e-01 -1.38165214e-01 -8.60261396e-01  1.77477149e-01
   -2.36128061e-03]
  [-5.13797402e-01 -2.20383423e-01  1.64213743e-03 -2.52400250e-01
   -2.06142366e-01]
  [ 1.56453472e+00  5.65954533e-01  2.08306912e+00  5.16776656e-01
   -7.38964079e-02]]

 [[-2.73070574e-01 -1.34647305e-01  1.19795928e-01 -2.21546859e-02
   -1.00030887e-01]
  [-3.87526323e-01 -7.62413639e-02 -6.35980627e-02 -1.99980801e-01
    2.62603637e-03]
  [-1.72467221e-01  5.25043181e-02  3.26908900e-01 -6.74432908e-02
    8.97312897e-04]
  [ 5.38836093e-01  2.31123284e-01 -1.72216308e-03  2.64700374e-01
    2.16188223e-01]
  [ 3.57826733e-01  1.29440183e-01  4.76421397e-01  1.18192648e-01
   -1.69009418e-02]]

 [[-9.84621869e-02 -4.85503360e-02  4.31953136e-02 -7.98840677e-03
   -3.60685509e-02]
  [-2.38757467e-01 -4.69727959e-02 -3.91831765e-02 -1.23209461e-01
    1.61791794e-03]
  [-7.81226955e-01  2.37829474e-01  1.48080338e+00 -3.05498728e-01
    4.06456959e-03]
  [ 4.16312497e+01  1.78569165e+01 -1.33056791e-01  2.04511307e+01
    1.67030123e+01]
  [-1.79522901e+00 -6.49405845e-01 -2.39022251e+00 -5.92976575e-01
    8.47926051e-02]]]
=================================0TH EPOCH====================================
[(0, 0, 0), (0, 0, 1), (0, 0, 2), (0, 0, 3), (0, 0, 4), (0, 1, 0), (0, 1, 1), (0, 1, 2), (0, 1, 3), (0, 1, 4), (0, 2, 0), (0, 2, 1), (0, 2, 2), (0, 2, 3), (0, 2, 4), (0, 3, 0), (0, 3, 1), (0, 3, 2), (0, 3, 3), (0, 3, 4), (0, 4, 0), (0, 4, 1), (0, 4, 2), (0, 4, 3), (0, 4, 4), (1, 0, 0), (1, 0, 1), (1, 0, 2), (1, 0, 3), (1, 0, 4), (1, 1, 0), (1, 1, 1), (1, 1, 2), (1, 1, 3), (1, 1, 4), (1, 2, 0), (1, 2, 1), (1, 2, 2), (1, 2, 3), (1, 2, 4), (1, 3, 0), (1, 3, 1), (1, 3, 2), (1, 3, 3), (1, 3, 4), (1, 4, 0), (1, 4, 1), (1, 4, 2), (1, 4, 3), (1, 4, 4), (2, 0, 0), (2, 0, 1), (2, 0, 2), (2, 0, 3), (2, 0, 4), (2, 1, 0), (2, 1, 1), (2, 1, 2), (2, 1, 3), (2, 1, 4), (2, 2, 0), (2, 2, 1), (2, 2, 2), (2, 2, 3), (2, 2, 4), (2, 3, 0), (2, 3, 1), (2, 3, 2), (2, 3, 3), (2, 3, 4), (2, 4, 0), (2, 4, 1), (2, 4, 2), (2, 4, 3), (2, 4, 4), (3, 0, 0), (3, 0, 1), (3, 0, 2), (3, 0, 3), (3, 0, 4), (3, 1, 0), (3, 1, 1), (3, 1, 2), (3, 1, 3), (3, 1, 4), (3, 2, 0), (3, 2, 1), (3, 2, 2), (3, 2, 3), (3, 2, 4), (3, 3, 0), (3, 3, 1), (3, 3, 2), (3, 3, 3), (3, 3, 4), (3, 4, 0), (3, 4, 1), (3, 4, 2), (3, 4, 3), (3, 4, 4), (4, 0, 0), (4, 0, 1), (4, 0, 2), (4, 0, 3), (4, 0, 4), (4, 1, 0), (4, 1, 1), (4, 1, 2), (4, 1, 3), (4, 1, 4), (4, 2, 0), (4, 2, 1), (4, 2, 2), (4, 2, 3), (4, 2, 4), (4, 3, 0), (4, 3, 1), (4, 3, 2), (4, 3, 3), (4, 3, 4), (4, 4, 0), (4, 4, 1), (4, 4, 2), (4, 4, 3), (4, 4, 4)]
[[[ 2.82134158e-01  1.39116432e-01 -1.23772118e-01  2.28900300e-02
    1.03351048e-01]
  [-1.98305223e-01 -3.90142805e-02 -3.25444422e-02 -1.02334306e-01
    1.34379705e-03]
  [ 1.50890032e-02 -4.59355592e-03 -2.86009678e-02  5.90055330e-03
   -7.85051043e-05]
  [ 2.00246498e-01  8.58918489e-02 -6.40003763e-04  9.83700307e-02
    8.03415642e-02]
  [-1.23501763e+00 -4.46755073e-01 -1.64434004e+00 -4.07934876e-01
    5.83325924e-02]]

 [[-5.28761225e-02 -2.60724812e-02  2.31967293e-02 -4.28993087e-03
   -1.93695181e-02]
  [ 6.45178048e-01  1.26931389e-01  1.05882031e-01  3.32940538e-01
   -4.37198952e-03]
  [ 1.34151554e+00 -4.08398523e-01 -2.54282156e+00  5.24599526e-01
   -6.97964044e-03]
  [ 5.57351042e-01  2.39064912e-01 -1.78133834e-03  2.73795744e-01
    2.23616667e-01]
  [-2.88220515e+00 -1.04260842e+00 -3.83745561e+00 -9.52012325e-01
    1.36132873e-01]]

 [[-2.03260510e+00 -1.00224933e+00  8.91702871e-01 -1.64908752e-01
   -7.44581476e-01]
  [ 1.27420262e+00  2.50684766e-01  2.09113068e-01  6.57545165e-01
   -8.63451650e-03]
  [ 4.53847823e-01 -1.38165214e-01 -8.60261396e-01  1.77477149e-01
   -2.36128061e-03]
  [-5.13797402e-01 -2.20383423e-01  1.64213743e-03 -2.52400250e-01
   -2.06142366e-01]
  [ 1.56453472e+00  5.65954533e-01  2.08306912e+00  5.16776656e-01
   -7.38964079e-02]]

 [[-2.73070574e-01 -1.34647305e-01  1.19795928e-01 -2.21546859e-02
   -1.00030887e-01]
  [-3.87526323e-01 -7.62413639e-02 -6.35980627e-02 -1.99980801e-01
    2.62603637e-03]
  [-1.72467221e-01  5.25043181e-02  3.26908900e-01 -6.74432908e-02
    8.97312897e-04]
  [ 5.38836093e-01  2.31123284e-01 -1.72216308e-03  2.64700374e-01
    2.16188223e-01]
  [ 3.57826733e-01  1.29440183e-01  4.76421397e-01  1.18192648e-01
   -1.69009418e-02]]

 [[-9.84621869e-02 -4.85503360e-02  4.31953136e-02 -7.98840677e-03
   -3.60685509e-02]
  [-2.38757467e-01 -4.69727959e-02 -3.91831765e-02 -1.23209461e-01
    1.61791794e-03]
  [-7.81226955e-01  2.37829474e-01  1.48080338e+00 -3.05498728e-01
    4.06456959e-03]
  [ 4.16312497e+01  1.78569165e+01 -1.33056791e-01  2.04511307e+01
    1.67030123e+01]
  [-1.79522901e+00 -6.49405845e-01 -2.39022251e+00 -5.92976575e-01
    8.47926051e-02]]]
===============================MIDDLE EPOCH====================================
[(0, 0, 0), (0, 0, 1), (0, 0, 2), (0, 0, 3), (0, 0, 4), (0, 1, 0), (0, 1, 1), (0, 1, 2), (0, 1, 3), (0, 1, 4), (0, 2, 0), (0, 2, 1), (0, 2, 2), (0, 2, 3), (0, 2, 4), (0, 3, 0), (0, 3, 1), (0, 3, 2), (0, 3, 3), (0, 3, 4), (0, 4, 0), (0, 4, 1), (0, 4, 2), (0, 4, 3), (0, 4, 4), (1, 0, 0), (1, 0, 1), (1, 0, 2), (1, 0, 3), (1, 0, 4), (1, 1, 0), (1, 1, 1), (1, 1, 2), (1, 1, 3), (1, 1, 4), (1, 2, 0), (1, 2, 1), (1, 2, 2), (1, 2, 3), (1, 2, 4), (1, 3, 0), (1, 3, 1), (1, 3, 2), (1, 3, 3), (1, 3, 4), (1, 4, 0), (1, 4, 1), (1, 4, 2), (1, 4, 3), (1, 4, 4), (2, 0, 0), (2, 0, 1), (2, 0, 2), (2, 0, 3), (2, 0, 4), (2, 1, 0), (2, 1, 1), (2, 1, 2), (2, 1, 3), (2, 1, 4), (2, 2, 0), (2, 2, 1), (2, 2, 2), (2, 2, 3), (2, 2, 4), (2, 3, 0), (2, 3, 1), (2, 3, 2), (2, 3, 3), (2, 3, 4), (2, 4, 0), (2, 4, 1), (2, 4, 2), (2, 4, 3), (2, 4, 4), (3, 0, 0), (3, 0, 1), (3, 0, 2), (3, 0, 3), (3, 0, 4), (3, 1, 0), (3, 1, 1), (3, 1, 2), (3, 1, 3), (3, 1, 4), (3, 2, 0), (3, 2, 1), (3, 2, 2), (3, 2, 3), (3, 2, 4), (3, 3, 0), (3, 3, 1), (3, 3, 2), (3, 3, 3), (3, 3, 4), (3, 4, 0), (3, 4, 1), (3, 4, 2), (3, 4, 3), (3, 4, 4), (4, 0, 0), (4, 0, 1), (4, 0, 2), (4, 0, 3), (4, 0, 4), (4, 1, 0), (4, 1, 1), (4, 1, 2), (4, 1, 3), (4, 1, 4), (4, 2, 0), (4, 2, 1), (4, 2, 2), (4, 2, 3), (4, 2, 4), (4, 3, 0), (4, 3, 1), (4, 3, 2), (4, 3, 3), (4, 3, 4), (4, 4, 0), (4, 4, 1), (4, 4, 2), (4, 4, 3), (4, 4, 4)]
[[[ 2.82134158e-01  1.39116432e-01 -1.23772118e-01  2.28900300e-02
    1.03351048e-01]
  [-1.98305223e-01 -3.90142805e-02 -3.25444422e-02 -1.02334306e-01
    1.34379705e-03]
  [ 1.50890032e-02 -4.59355592e-03 -2.86009678e-02  5.90055330e-03
   -7.85051043e-05]
  [ 2.00246498e-01  8.58918489e-02 -6.40003763e-04  9.83700307e-02
    8.03415642e-02]
  [-1.23501763e+00 -4.46755073e-01 -1.64434004e+00 -4.07934876e-01
    5.83325924e-02]]

 [[-5.28761225e-02 -2.60724812e-02  2.31967293e-02 -4.28993087e-03
   -1.93695181e-02]
  [ 6.45178048e-01  1.26931389e-01  1.05882031e-01  3.32940538e-01
   -4.37198952e-03]
  [ 1.34151554e+00 -4.08398523e-01 -2.54282156e+00  5.24599526e-01
   -6.97964044e-03]
  [ 5.57351042e-01  2.39064912e-01 -1.78133834e-03  2.73795744e-01
    2.23616667e-01]
  [-2.88220515e+00 -1.04260842e+00 -3.83745561e+00 -9.52012325e-01
    1.36132873e-01]]

 [[-2.03260510e+00 -1.00224933e+00  8.91702871e-01 -1.64908752e-01
   -7.44581476e-01]
  [ 1.27420262e+00  2.50684766e-01  2.09113068e-01  6.57545165e-01
   -8.63451650e-03]
  [ 4.53847823e-01 -1.38165214e-01 -8.60261396e-01  1.77477149e-01
   -2.36128061e-03]
  [-5.13797402e-01 -2.20383423e-01  1.64213743e-03 -2.52400250e-01
   -2.06142366e-01]
  [ 1.56453472e+00  5.65954533e-01  2.08306912e+00  5.16776656e-01
   -7.38964079e-02]]

 [[-2.73070574e-01 -1.34647305e-01  1.19795928e-01 -2.21546859e-02
   -1.00030887e-01]
  [-3.87526323e-01 -7.62413639e-02 -6.35980627e-02 -1.99980801e-01
    2.62603637e-03]
  [-1.72467221e-01  5.25043181e-02  3.26908900e-01 -6.74432908e-02
    8.97312897e-04]
  [ 5.38836093e-01  2.31123284e-01 -1.72216308e-03  2.64700374e-01
    2.16188223e-01]
  [ 3.57826733e-01  1.29440183e-01  4.76421397e-01  1.18192648e-01
   -1.69009418e-02]]

 [[-9.84621869e-02 -4.85503360e-02  4.31953136e-02 -7.98840677e-03
   -3.60685509e-02]
  [-2.38757467e-01 -4.69727959e-02 -3.91831765e-02 -1.23209461e-01
    1.61791794e-03]
  [-7.81226955e-01  2.37829474e-01  1.48080338e+00 -3.05498728e-01
    4.06456959e-03]
  [ 4.16312497e+01  1.78569165e+01 -1.33056791e-01  2.04511307e+01
    1.67030123e+01]
  [-1.79522901e+00 -6.49405845e-01 -2.39022251e+00 -5.92976575e-01
    8.47926051e-02]]]
================================LAST EPOCH==================================
[(0, 0, 0), (0, 0, 1), (0, 0, 2), (0, 0, 3), (0, 0, 4), (0, 1, 0), (0, 1, 1), (0, 1, 2), (0, 1, 3), (0, 1, 4), (0, 2, 0), (0, 2, 1), (0, 2, 2), (0, 2, 3), (0, 2, 4), (0, 3, 0), (0, 3, 1), (0, 3, 2), (0, 3, 3), (0, 3, 4), (0, 4, 0), (0, 4, 1), (0, 4, 2), (0, 4, 3), (0, 4, 4), (1, 0, 0), (1, 0, 1), (1, 0, 2), (1, 0, 3), (1, 0, 4), (1, 1, 0), (1, 1, 1), (1, 1, 2), (1, 1, 3), (1, 1, 4), (1, 2, 0), (1, 2, 1), (1, 2, 2), (1, 2, 3), (1, 2, 4), (1, 3, 0), (1, 3, 1), (1, 3, 2), (1, 3, 3), (1, 3, 4), (1, 4, 0), (1, 4, 1), (1, 4, 2), (1, 4, 3), (1, 4, 4), (2, 0, 0), (2, 0, 1), (2, 0, 2), (2, 0, 3), (2, 0, 4), (2, 1, 0), (2, 1, 1), (2, 1, 2), (2, 1, 3), (2, 1, 4), (2, 2, 0), (2, 2, 1), (2, 2, 2), (2, 2, 3), (2, 2, 4), (2, 3, 0), (2, 3, 1), (2, 3, 2), (2, 3, 3), (2, 3, 4), (2, 4, 0), (2, 4, 1), (2, 4, 2), (2, 4, 3), (2, 4, 4), (3, 0, 0), (3, 0, 1), (3, 0, 2), (3, 0, 3), (3, 0, 4), (3, 1, 0), (3, 1, 1), (3, 1, 2), (3, 1, 3), (3, 1, 4), (3, 2, 0), (3, 2, 1), (3, 2, 2), (3, 2, 3), (3, 2, 4), (3, 3, 0), (3, 3, 1), (3, 3, 2), (3, 3, 3), (3, 3, 4), (3, 4, 0), (3, 4, 1), (3, 4, 2), (3, 4, 3), (3, 4, 4), (4, 0, 0), (4, 0, 1), (4, 0, 2), (4, 0, 3), (4, 0, 4), (4, 1, 0), (4, 1, 1), (4, 1, 2), (4, 1, 3), (4, 1, 4), (4, 2, 0), (4, 2, 1), (4, 2, 2), (4, 2, 3), (4, 2, 4), (4, 3, 0), (4, 3, 1), (4, 3, 2), (4, 3, 3), (4, 3, 4), (4, 4, 0), (4, 4, 1), (4, 4, 2), (4, 4, 3), (4, 4, 4)]
[[[ 2.82134158e-01  1.39116432e-01 -1.23772118e-01  2.28900300e-02
    1.03351048e-01]
  [-1.98305223e-01 -3.90142805e-02 -3.25444422e-02 -1.02334306e-01
    1.34379705e-03]
  [ 1.50890032e-02 -4.59355592e-03 -2.86009678e-02  5.90055330e-03
   -7.85051043e-05]
  [ 2.00246498e-01  8.58918489e-02 -6.40003763e-04  9.83700307e-02
    8.03415642e-02]
  [-1.23501763e+00 -4.46755073e-01 -1.64434004e+00 -4.07934876e-01
    5.83325924e-02]]

 [[-5.28761225e-02 -2.60724812e-02  2.31967293e-02 -4.28993087e-03
   -1.93695181e-02]
  [ 6.45178048e-01  1.26931389e-01  1.05882031e-01  3.32940538e-01
   -4.37198952e-03]
  [ 1.34151554e+00 -4.08398523e-01 -2.54282156e+00  5.24599526e-01
   -6.97964044e-03]
  [ 5.57351042e-01  2.39064912e-01 -1.78133834e-03  2.73795744e-01
    2.23616667e-01]
  [-2.88220515e+00 -1.04260842e+00 -3.83745561e+00 -9.52012325e-01
    1.36132873e-01]]

 [[-2.03260510e+00 -1.00224933e+00  8.91702871e-01 -1.64908752e-01
   -7.44581476e-01]
  [ 1.27420262e+00  2.50684766e-01  2.09113068e-01  6.57545165e-01
   -8.63451650e-03]
  [ 4.53847823e-01 -1.38165214e-01 -8.60261396e-01  1.77477149e-01
   -2.36128061e-03]
  [-5.13797402e-01 -2.20383423e-01  1.64213743e-03 -2.52400250e-01
   -2.06142366e-01]
  [ 1.56453472e+00  5.65954533e-01  2.08306912e+00  5.16776656e-01
   -7.38964079e-02]]

 [[-2.73070574e-01 -1.34647305e-01  1.19795928e-01 -2.21546859e-02
   -1.00030887e-01]
  [-3.87526323e-01 -7.62413639e-02 -6.35980627e-02 -1.99980801e-01
    2.62603637e-03]
  [-1.72467221e-01  5.25043181e-02  3.26908900e-01 -6.74432908e-02
    8.97312897e-04]
  [ 5.38836093e-01  2.31123284e-01 -1.72216308e-03  2.64700374e-01
    2.16188223e-01]
  [ 3.57826733e-01  1.29440183e-01  4.76421397e-01  1.18192648e-01
   -1.69009418e-02]]

 [[-9.84621869e-02 -4.85503360e-02  4.31953136e-02 -7.98840677e-03
   -3.60685509e-02]
  [-2.38757467e-01 -4.69727959e-02 -3.91831765e-02 -1.23209461e-01
    1.61791794e-03]
  [-7.81226955e-01  2.37829474e-01  1.48080338e+00 -3.05498728e-01
    4.06456959e-03]
  [ 4.16312497e+01  1.78569165e+01 -1.33056791e-01  2.04511307e+01
    1.67030123e+01]
  [-1.79522901e+00 -6.49405845e-01 -2.39022251e+00 -5.92976575e-01
    8.47926051e-02]]]


test_error 0.013270624913275242
train_error 0.012308875098824501

