================================BEST EPOCH======================================
[(0, 0, 0), (0, 0, 1), (0, 0, 2), (0, 0, 3), (0, 0, 4), (0, 1, 0), (0, 1, 1), (0, 1, 2), (0, 1, 3), (0, 1, 4), (0, 2, 0), (0, 2, 1), (0, 2, 2), (0, 2, 3), (0, 2, 4), (0, 3, 0), (0, 3, 1), (0, 3, 2), (0, 3, 3), (0, 3, 4), (0, 4, 0), (0, 4, 1), (0, 4, 2), (0, 4, 3), (0, 4, 4), (1, 0, 0), (1, 0, 1), (1, 0, 2), (1, 0, 3), (1, 0, 4), (1, 1, 0), (1, 1, 1), (1, 1, 2), (1, 1, 3), (1, 1, 4), (1, 2, 0), (1, 2, 1), (1, 2, 2), (1, 2, 3), (1, 2, 4), (1, 3, 0), (1, 3, 1), (1, 3, 2), (1, 3, 3), (1, 3, 4), (1, 4, 0), (1, 4, 1), (1, 4, 2), (1, 4, 3), (1, 4, 4), (2, 0, 0), (2, 0, 1), (2, 0, 2), (2, 0, 3), (2, 0, 4), (2, 1, 0), (2, 1, 1), (2, 1, 2), (2, 1, 3), (2, 1, 4), (2, 2, 0), (2, 2, 1), (2, 2, 2), (2, 2, 3), (2, 2, 4), (2, 3, 0), (2, 3, 1), (2, 3, 2), (2, 3, 3), (2, 3, 4), (2, 4, 0), (2, 4, 1), (2, 4, 2), (2, 4, 3), (2, 4, 4), (3, 0, 0), (3, 0, 1), (3, 0, 2), (3, 0, 3), (3, 0, 4), (3, 1, 0), (3, 1, 1), (3, 1, 2), (3, 1, 3), (3, 1, 4), (3, 2, 0), (3, 2, 1), (3, 2, 2), (3, 2, 3), (3, 2, 4), (3, 3, 0), (3, 3, 1), (3, 3, 2), (3, 3, 3), (3, 3, 4), (3, 4, 0), (3, 4, 1), (3, 4, 2), (3, 4, 3), (3, 4, 4), (4, 0, 0), (4, 0, 1), (4, 0, 2), (4, 0, 3), (4, 0, 4), (4, 1, 0), (4, 1, 1), (4, 1, 2), (4, 1, 3), (4, 1, 4), (4, 2, 0), (4, 2, 1), (4, 2, 2), (4, 2, 3), (4, 2, 4), (4, 3, 0), (4, 3, 1), (4, 3, 2), (4, 3, 3), (4, 3, 4), (4, 4, 0), (4, 4, 1), (4, 4, 2), (4, 4, 3), (4, 4, 4)]
[[[ 4.18756805e-03  1.28911787e-02  4.56975112e-04 -8.57305290e-03
   -1.62372095e-03]
  [ 4.66262161e-03 -2.92374847e-03 -5.36023007e-05  2.78247647e-03
   -1.25387824e-03]
  [ 1.33387133e-03 -1.47864264e-04 -1.21797460e-04 -1.51034197e-03
   -1.06599250e-03]
  [-1.21431983e-02 -2.91911074e-03  7.21173295e-04 -6.62261788e-03
   -5.12704343e-04]
  [ 1.05010136e-02  5.43327381e-03  1.67393366e-03  1.77657606e-02
   -8.18861023e-03]]

 [[ 2.38826748e-04  7.35213914e-04  2.60623538e-05 -4.88941152e-04
   -9.26045833e-05]
  [-7.46813098e-04  4.68297417e-04  8.58549194e-06 -4.45669850e-04
    2.00833945e-04]
  [ 7.27149146e-05 -8.06070053e-06 -6.63968983e-06 -8.23350688e-05
   -5.81117174e-05]
  [ 1.04064850e-03  2.50162118e-04 -6.18031500e-05  5.67545484e-04
    4.39377659e-05]
  [-4.26822163e-04 -2.20839795e-04 -6.80383833e-05 -7.22103665e-04
    3.32832665e-04]]

 [[-9.21325301e-04 -2.83624505e-03 -1.00541108e-04  1.88619515e-03
    3.57242002e-04]
  [ 1.01991859e-03 -6.39551238e-04 -1.17251597e-05  6.08648894e-04
   -2.74277828e-04]
  [ 4.09145232e-04 -4.53551683e-05 -3.73595630e-05 -4.63274983e-04
   -3.26977378e-04]
  [-1.03476584e-03 -2.48747983e-04  6.14537846e-05 -5.64337221e-04
   -4.36893913e-05]
  [ 1.72920174e-03  8.94697116e-04  2.75646630e-04  2.92548753e-03
   -1.34841832e-03]]

 [[ 7.12046948e-03  2.19199410e-02  7.77032708e-04 -1.45774733e-02
   -2.76094748e-03]
  [ 4.49704758e-03 -2.81992345e-03 -5.16988332e-05  2.68366815e-03
   -1.20935186e-03]
  [-9.47064001e-03  1.04985330e-03  8.64775989e-04  1.07236019e-02
    7.56866950e-03]
  [ 1.88598512e-02  4.53373096e-03 -1.12006909e-03  1.02857241e-02
    7.96291668e-04]
  [ 1.58149745e-03  8.18274221e-04  2.52101552e-04  2.67559936e-03
   -1.23323964e-03]]

 [[ 4.98886361e-03  1.53579194e-02  5.44417782e-04 -1.02135156e-02
   -1.93442166e-03]
  [ 7.68168299e-03 -4.81688432e-03 -8.83099501e-05  4.58413827e-03
   -2.06576813e-03]
  [-1.37791548e-02  1.52746711e-03  1.25819187e-03  1.56021315e-02
    1.10119135e-02]
  [ 1.86201089e-02  4.47609917e-03 -1.10583101e-03  1.01549743e-02
    7.86169383e-04]
  [-1.01101168e-02 -5.23102197e-03 -1.61162203e-03 -1.71044360e-02
    7.88379188e-03]]]
=================================0TH EPOCH====================================
[(0, 0, 0), (0, 0, 1), (0, 0, 2), (0, 0, 3), (0, 0, 4), (0, 1, 0), (0, 1, 1), (0, 1, 2), (0, 1, 3), (0, 1, 4), (0, 2, 0), (0, 2, 1), (0, 2, 2), (0, 2, 3), (0, 2, 4), (0, 3, 0), (0, 3, 1), (0, 3, 2), (0, 3, 3), (0, 3, 4), (0, 4, 0), (0, 4, 1), (0, 4, 2), (0, 4, 3), (0, 4, 4), (1, 0, 0), (1, 0, 1), (1, 0, 2), (1, 0, 3), (1, 0, 4), (1, 1, 0), (1, 1, 1), (1, 1, 2), (1, 1, 3), (1, 1, 4), (1, 2, 0), (1, 2, 1), (1, 2, 2), (1, 2, 3), (1, 2, 4), (1, 3, 0), (1, 3, 1), (1, 3, 2), (1, 3, 3), (1, 3, 4), (1, 4, 0), (1, 4, 1), (1, 4, 2), (1, 4, 3), (1, 4, 4), (2, 0, 0), (2, 0, 1), (2, 0, 2), (2, 0, 3), (2, 0, 4), (2, 1, 0), (2, 1, 1), (2, 1, 2), (2, 1, 3), (2, 1, 4), (2, 2, 0), (2, 2, 1), (2, 2, 2), (2, 2, 3), (2, 2, 4), (2, 3, 0), (2, 3, 1), (2, 3, 2), (2, 3, 3), (2, 3, 4), (2, 4, 0), (2, 4, 1), (2, 4, 2), (2, 4, 3), (2, 4, 4), (3, 0, 0), (3, 0, 1), (3, 0, 2), (3, 0, 3), (3, 0, 4), (3, 1, 0), (3, 1, 1), (3, 1, 2), (3, 1, 3), (3, 1, 4), (3, 2, 0), (3, 2, 1), (3, 2, 2), (3, 2, 3), (3, 2, 4), (3, 3, 0), (3, 3, 1), (3, 3, 2), (3, 3, 3), (3, 3, 4), (3, 4, 0), (3, 4, 1), (3, 4, 2), (3, 4, 3), (3, 4, 4), (4, 0, 0), (4, 0, 1), (4, 0, 2), (4, 0, 3), (4, 0, 4), (4, 1, 0), (4, 1, 1), (4, 1, 2), (4, 1, 3), (4, 1, 4), (4, 2, 0), (4, 2, 1), (4, 2, 2), (4, 2, 3), (4, 2, 4), (4, 3, 0), (4, 3, 1), (4, 3, 2), (4, 3, 3), (4, 3, 4), (4, 4, 0), (4, 4, 1), (4, 4, 2), (4, 4, 3), (4, 4, 4)]
[[[ 4.18756805e-03  1.28911787e-02  4.56975112e-04 -8.57305290e-03
   -1.62372095e-03]
  [ 4.66262161e-03 -2.92374847e-03 -5.36023007e-05  2.78247647e-03
   -1.25387824e-03]
  [ 1.33387133e-03 -1.47864264e-04 -1.21797460e-04 -1.51034197e-03
   -1.06599250e-03]
  [-1.21431983e-02 -2.91911074e-03  7.21173295e-04 -6.62261788e-03
   -5.12704343e-04]
  [ 1.05010136e-02  5.43327381e-03  1.67393366e-03  1.77657606e-02
   -8.18861023e-03]]

 [[ 2.38826748e-04  7.35213914e-04  2.60623538e-05 -4.88941152e-04
   -9.26045833e-05]
  [-7.46813098e-04  4.68297417e-04  8.58549194e-06 -4.45669850e-04
    2.00833945e-04]
  [ 7.27149146e-05 -8.06070053e-06 -6.63968983e-06 -8.23350688e-05
   -5.81117174e-05]
  [ 1.04064850e-03  2.50162118e-04 -6.18031500e-05  5.67545484e-04
    4.39377659e-05]
  [-4.26822163e-04 -2.20839795e-04 -6.80383833e-05 -7.22103665e-04
    3.32832665e-04]]

 [[-9.21325301e-04 -2.83624505e-03 -1.00541108e-04  1.88619515e-03
    3.57242002e-04]
  [ 1.01991859e-03 -6.39551238e-04 -1.17251597e-05  6.08648894e-04
   -2.74277828e-04]
  [ 4.09145232e-04 -4.53551683e-05 -3.73595630e-05 -4.63274983e-04
   -3.26977378e-04]
  [-1.03476584e-03 -2.48747983e-04  6.14537846e-05 -5.64337221e-04
   -4.36893913e-05]
  [ 1.72920174e-03  8.94697116e-04  2.75646630e-04  2.92548753e-03
   -1.34841832e-03]]

 [[ 7.12046948e-03  2.19199410e-02  7.77032708e-04 -1.45774733e-02
   -2.76094748e-03]
  [ 4.49704758e-03 -2.81992345e-03 -5.16988332e-05  2.68366815e-03
   -1.20935186e-03]
  [-9.47064001e-03  1.04985330e-03  8.64775989e-04  1.07236019e-02
    7.56866950e-03]
  [ 1.88598512e-02  4.53373096e-03 -1.12006909e-03  1.02857241e-02
    7.96291668e-04]
  [ 1.58149745e-03  8.18274221e-04  2.52101552e-04  2.67559936e-03
   -1.23323964e-03]]

 [[ 4.98886361e-03  1.53579194e-02  5.44417782e-04 -1.02135156e-02
   -1.93442166e-03]
  [ 7.68168299e-03 -4.81688432e-03 -8.83099501e-05  4.58413827e-03
   -2.06576813e-03]
  [-1.37791548e-02  1.52746711e-03  1.25819187e-03  1.56021315e-02
    1.10119135e-02]
  [ 1.86201089e-02  4.47609917e-03 -1.10583101e-03  1.01549743e-02
    7.86169383e-04]
  [-1.01101168e-02 -5.23102197e-03 -1.61162203e-03 -1.71044360e-02
    7.88379188e-03]]]
===============================MIDDLE EPOCH====================================
[(0, 0, 0), (0, 0, 1), (0, 0, 2), (0, 0, 3), (0, 0, 4), (0, 1, 0), (0, 1, 1), (0, 1, 2), (0, 1, 3), (0, 1, 4), (0, 2, 0), (0, 2, 1), (0, 2, 2), (0, 2, 3), (0, 2, 4), (0, 3, 0), (0, 3, 1), (0, 3, 2), (0, 3, 3), (0, 3, 4), (0, 4, 0), (0, 4, 1), (0, 4, 2), (0, 4, 3), (0, 4, 4), (1, 0, 0), (1, 0, 1), (1, 0, 2), (1, 0, 3), (1, 0, 4), (1, 1, 0), (1, 1, 1), (1, 1, 2), (1, 1, 3), (1, 1, 4), (1, 2, 0), (1, 2, 1), (1, 2, 2), (1, 2, 3), (1, 2, 4), (1, 3, 0), (1, 3, 1), (1, 3, 2), (1, 3, 3), (1, 3, 4), (1, 4, 0), (1, 4, 1), (1, 4, 2), (1, 4, 3), (1, 4, 4), (2, 0, 0), (2, 0, 1), (2, 0, 2), (2, 0, 3), (2, 0, 4), (2, 1, 0), (2, 1, 1), (2, 1, 2), (2, 1, 3), (2, 1, 4), (2, 2, 0), (2, 2, 1), (2, 2, 2), (2, 2, 3), (2, 2, 4), (2, 3, 0), (2, 3, 1), (2, 3, 2), (2, 3, 3), (2, 3, 4), (2, 4, 0), (2, 4, 1), (2, 4, 2), (2, 4, 3), (2, 4, 4), (3, 0, 0), (3, 0, 1), (3, 0, 2), (3, 0, 3), (3, 0, 4), (3, 1, 0), (3, 1, 1), (3, 1, 2), (3, 1, 3), (3, 1, 4), (3, 2, 0), (3, 2, 1), (3, 2, 2), (3, 2, 3), (3, 2, 4), (3, 3, 0), (3, 3, 1), (3, 3, 2), (3, 3, 3), (3, 3, 4), (3, 4, 0), (3, 4, 1), (3, 4, 2), (3, 4, 3), (3, 4, 4), (4, 0, 0), (4, 0, 1), (4, 0, 2), (4, 0, 3), (4, 0, 4), (4, 1, 0), (4, 1, 1), (4, 1, 2), (4, 1, 3), (4, 1, 4), (4, 2, 0), (4, 2, 1), (4, 2, 2), (4, 2, 3), (4, 2, 4), (4, 3, 0), (4, 3, 1), (4, 3, 2), (4, 3, 3), (4, 3, 4), (4, 4, 0), (4, 4, 1), (4, 4, 2), (4, 4, 3), (4, 4, 4)]
[[[ 4.18756805e-03  1.28911787e-02  4.56975112e-04 -8.57305290e-03
   -1.62372095e-03]
  [ 4.66262161e-03 -2.92374847e-03 -5.36023007e-05  2.78247647e-03
   -1.25387824e-03]
  [ 1.33387133e-03 -1.47864264e-04 -1.21797460e-04 -1.51034197e-03
   -1.06599250e-03]
  [-1.21431983e-02 -2.91911074e-03  7.21173295e-04 -6.62261788e-03
   -5.12704343e-04]
  [ 1.05010136e-02  5.43327381e-03  1.67393366e-03  1.77657606e-02
   -8.18861023e-03]]

 [[ 2.38826748e-04  7.35213914e-04  2.60623538e-05 -4.88941152e-04
   -9.26045833e-05]
  [-7.46813098e-04  4.68297417e-04  8.58549194e-06 -4.45669850e-04
    2.00833945e-04]
  [ 7.27149146e-05 -8.06070053e-06 -6.63968983e-06 -8.23350688e-05
   -5.81117174e-05]
  [ 1.04064850e-03  2.50162118e-04 -6.18031500e-05  5.67545484e-04
    4.39377659e-05]
  [-4.26822163e-04 -2.20839795e-04 -6.80383833e-05 -7.22103665e-04
    3.32832665e-04]]

 [[-9.21325301e-04 -2.83624505e-03 -1.00541108e-04  1.88619515e-03
    3.57242002e-04]
  [ 1.01991859e-03 -6.39551238e-04 -1.17251597e-05  6.08648894e-04
   -2.74277828e-04]
  [ 4.09145232e-04 -4.53551683e-05 -3.73595630e-05 -4.63274983e-04
   -3.26977378e-04]
  [-1.03476584e-03 -2.48747983e-04  6.14537846e-05 -5.64337221e-04
   -4.36893913e-05]
  [ 1.72920174e-03  8.94697116e-04  2.75646630e-04  2.92548753e-03
   -1.34841832e-03]]

 [[ 7.12046948e-03  2.19199410e-02  7.77032708e-04 -1.45774733e-02
   -2.76094748e-03]
  [ 4.49704758e-03 -2.81992345e-03 -5.16988332e-05  2.68366815e-03
   -1.20935186e-03]
  [-9.47064001e-03  1.04985330e-03  8.64775989e-04  1.07236019e-02
    7.56866950e-03]
  [ 1.88598512e-02  4.53373096e-03 -1.12006909e-03  1.02857241e-02
    7.96291668e-04]
  [ 1.58149745e-03  8.18274221e-04  2.52101552e-04  2.67559936e-03
   -1.23323964e-03]]

 [[ 4.98886361e-03  1.53579194e-02  5.44417782e-04 -1.02135156e-02
   -1.93442166e-03]
  [ 7.68168299e-03 -4.81688432e-03 -8.83099501e-05  4.58413827e-03
   -2.06576813e-03]
  [-1.37791548e-02  1.52746711e-03  1.25819187e-03  1.56021315e-02
    1.10119135e-02]
  [ 1.86201089e-02  4.47609917e-03 -1.10583101e-03  1.01549743e-02
    7.86169383e-04]
  [-1.01101168e-02 -5.23102197e-03 -1.61162203e-03 -1.71044360e-02
    7.88379188e-03]]]
================================LAST EPOCH==================================
[(0, 0, 0), (0, 0, 1), (0, 0, 2), (0, 0, 3), (0, 0, 4), (0, 1, 0), (0, 1, 1), (0, 1, 2), (0, 1, 3), (0, 1, 4), (0, 2, 0), (0, 2, 1), (0, 2, 2), (0, 2, 3), (0, 2, 4), (0, 3, 0), (0, 3, 1), (0, 3, 2), (0, 3, 3), (0, 3, 4), (0, 4, 0), (0, 4, 1), (0, 4, 2), (0, 4, 3), (0, 4, 4), (1, 0, 0), (1, 0, 1), (1, 0, 2), (1, 0, 3), (1, 0, 4), (1, 1, 0), (1, 1, 1), (1, 1, 2), (1, 1, 3), (1, 1, 4), (1, 2, 0), (1, 2, 1), (1, 2, 2), (1, 2, 3), (1, 2, 4), (1, 3, 0), (1, 3, 1), (1, 3, 2), (1, 3, 3), (1, 3, 4), (1, 4, 0), (1, 4, 1), (1, 4, 2), (1, 4, 3), (1, 4, 4), (2, 0, 0), (2, 0, 1), (2, 0, 2), (2, 0, 3), (2, 0, 4), (2, 1, 0), (2, 1, 1), (2, 1, 2), (2, 1, 3), (2, 1, 4), (2, 2, 0), (2, 2, 1), (2, 2, 2), (2, 2, 3), (2, 2, 4), (2, 3, 0), (2, 3, 1), (2, 3, 2), (2, 3, 3), (2, 3, 4), (2, 4, 0), (2, 4, 1), (2, 4, 2), (2, 4, 3), (2, 4, 4), (3, 0, 0), (3, 0, 1), (3, 0, 2), (3, 0, 3), (3, 0, 4), (3, 1, 0), (3, 1, 1), (3, 1, 2), (3, 1, 3), (3, 1, 4), (3, 2, 0), (3, 2, 1), (3, 2, 2), (3, 2, 3), (3, 2, 4), (3, 3, 0), (3, 3, 1), (3, 3, 2), (3, 3, 3), (3, 3, 4), (3, 4, 0), (3, 4, 1), (3, 4, 2), (3, 4, 3), (3, 4, 4), (4, 0, 0), (4, 0, 1), (4, 0, 2), (4, 0, 3), (4, 0, 4), (4, 1, 0), (4, 1, 1), (4, 1, 2), (4, 1, 3), (4, 1, 4), (4, 2, 0), (4, 2, 1), (4, 2, 2), (4, 2, 3), (4, 2, 4), (4, 3, 0), (4, 3, 1), (4, 3, 2), (4, 3, 3), (4, 3, 4), (4, 4, 0), (4, 4, 1), (4, 4, 2), (4, 4, 3), (4, 4, 4)]
[[[ 4.18756805e-03  1.28911787e-02  4.56975112e-04 -8.57305290e-03
   -1.62372095e-03]
  [ 4.66262161e-03 -2.92374847e-03 -5.36023007e-05  2.78247647e-03
   -1.25387824e-03]
  [ 1.33387133e-03 -1.47864264e-04 -1.21797460e-04 -1.51034197e-03
   -1.06599250e-03]
  [-1.21431983e-02 -2.91911074e-03  7.21173295e-04 -6.62261788e-03
   -5.12704343e-04]
  [ 1.05010136e-02  5.43327381e-03  1.67393366e-03  1.77657606e-02
   -8.18861023e-03]]

 [[ 2.38826748e-04  7.35213914e-04  2.60623538e-05 -4.88941152e-04
   -9.26045833e-05]
  [-7.46813098e-04  4.68297417e-04  8.58549194e-06 -4.45669850e-04
    2.00833945e-04]
  [ 7.27149146e-05 -8.06070053e-06 -6.63968983e-06 -8.23350688e-05
   -5.81117174e-05]
  [ 1.04064850e-03  2.50162118e-04 -6.18031500e-05  5.67545484e-04
    4.39377659e-05]
  [-4.26822163e-04 -2.20839795e-04 -6.80383833e-05 -7.22103665e-04
    3.32832665e-04]]

 [[-9.21325301e-04 -2.83624505e-03 -1.00541108e-04  1.88619515e-03
    3.57242002e-04]
  [ 1.01991859e-03 -6.39551238e-04 -1.17251597e-05  6.08648894e-04
   -2.74277828e-04]
  [ 4.09145232e-04 -4.53551683e-05 -3.73595630e-05 -4.63274983e-04
   -3.26977378e-04]
  [-1.03476584e-03 -2.48747983e-04  6.14537846e-05 -5.64337221e-04
   -4.36893913e-05]
  [ 1.72920174e-03  8.94697116e-04  2.75646630e-04  2.92548753e-03
   -1.34841832e-03]]

 [[ 7.12046948e-03  2.19199410e-02  7.77032708e-04 -1.45774733e-02
   -2.76094748e-03]
  [ 4.49704758e-03 -2.81992345e-03 -5.16988332e-05  2.68366815e-03
   -1.20935186e-03]
  [-9.47064001e-03  1.04985330e-03  8.64775989e-04  1.07236019e-02
    7.56866950e-03]
  [ 1.88598512e-02  4.53373096e-03 -1.12006909e-03  1.02857241e-02
    7.96291668e-04]
  [ 1.58149745e-03  8.18274221e-04  2.52101552e-04  2.67559936e-03
   -1.23323964e-03]]

 [[ 4.98886361e-03  1.53579194e-02  5.44417782e-04 -1.02135156e-02
   -1.93442166e-03]
  [ 7.68168299e-03 -4.81688432e-03 -8.83099501e-05  4.58413827e-03
   -2.06576813e-03]
  [-1.37791548e-02  1.52746711e-03  1.25819187e-03  1.56021315e-02
    1.10119135e-02]
  [ 1.86201089e-02  4.47609917e-03 -1.10583101e-03  1.01549743e-02
    7.86169383e-04]
  [-1.01101168e-02 -5.23102197e-03 -1.61162203e-03 -1.71044360e-02
    7.88379188e-03]]]

test_error 0.5968366861343384
train_error 0.592022716999054


