================================BEST EPOCH======================================
Path values of layer 3 node 2
[(0, 0, 1), (0, 1, 1), (0, 2, 1), (0, 3, 1), (0, 4, 1), (1, 0, 1), (1, 1, 1), (1, 2, 1), (1, 3, 1), (1, 4, 1), (2, 0, 1), (2, 1, 1), (2, 2, 1), (2, 3, 1), (2, 4, 1), (3, 0, 1), (3, 1, 1), (3, 2, 1), (3, 3, 1), (3, 4, 1), (4, 0, 1), (4, 1, 1), (4, 2, 1), (4, 3, 1), (4, 4, 1)]
[[ 0.12321199 -0.14973909 -0.02679587  0.05214902  0.08708944]
 [-0.1161864   0.14141482 -0.45326736  0.10065784 -0.74792305]
 [-0.7140921   0.59337497 -0.2607606  -0.10031939  0.48879465]
 [-0.11554349 -0.15143381  0.08263019  0.09110605  0.10414176]
 [-0.13734291  0.15381856  0.6957443   0.76079907 -0.19058544]]
=================================0TH EPOCH====================================
Path values of layer 3 node 2
[(0, 0, 1), (0, 1, 1), (0, 2, 1), (0, 3, 1), (0, 4, 1), (1, 0, 1), (1, 1, 1), (1, 2, 1), (1, 3, 1), (1, 4, 1), (2, 0, 1), (2, 1, 1), (2, 2, 1), (2, 3, 1), (2, 4, 1), (3, 0, 1), (3, 1, 1), (3, 2, 1), (3, 3, 1), (3, 4, 1), (4, 0, 1), (4, 1, 1), (4, 2, 1), (4, 3, 1), (4, 4, 1)]
[[ 1.28911787e-02 -2.92374847e-03 -1.47864264e-04 -2.91911074e-03
   5.43327381e-03]
 [ 7.35213914e-04  4.68297417e-04 -8.06070053e-06  2.50162118e-04
  -2.20839795e-04]
 [-2.83624505e-03 -6.39551238e-04 -4.53551683e-05 -2.48747983e-04
   8.94697116e-04]
 [ 2.19199410e-02 -2.81992345e-03  1.04985330e-03  4.53373096e-03
   8.18274221e-04]
 [ 1.53579194e-02 -4.81688432e-03  1.52746711e-03  4.47609917e-03
  -5.23102197e-03]]
===============================MIDDLE EPOCH====================================
Path values of layer 3 node 2
[(0, 0, 1), (0, 1, 1), (0, 2, 1), (0, 3, 1), (0, 4, 1), (1, 0, 1), (1, 1, 1), (1, 2, 1), (1, 3, 1), (1, 4, 1), (2, 0, 1), (2, 1, 1), (2, 2, 1), (2, 3, 1), (2, 4, 1), (3, 0, 1), (3, 1, 1), (3, 2, 1), (3, 3, 1), (3, 4, 1), (4, 0, 1), (4, 1, 1), (4, 2, 1), (4, 3, 1), (4, 4, 1)]
[[ 0.38825129  0.04541616 -0.04613538 -0.05703335  0.24508268]
 [-0.10628713 -0.07595547 -0.0830446  -0.01829682 -0.09212083]
 [-0.36515544  0.03883928 -0.01633101 -0.02406383  0.07181873]
 [ 0.43472483  0.09608739  0.15978812  0.18827495  0.18988895]
 [ 0.02801816  0.0741472   0.22553415  0.17550043 -0.09637568]]
================================LAST EPOCH==================================
Path values of layer 3 node 2
[(0, 0, 1), (0, 1, 1), (0, 2, 1), (0, 3, 1), (0, 4, 1), (1, 0, 1), (1, 1, 1), (1, 2, 1), (1, 3, 1), (1, 4, 1), (2, 0, 1), (2, 1, 1), (2, 2, 1), (2, 3, 1), (2, 4, 1), (3, 0, 1), (3, 1, 1), (3, 2, 1), (3, 3, 1), (3, 4, 1), (4, 0, 1), (4, 1, 1), (4, 2, 1), (4, 3, 1), (4, 4, 1)]
[[ 0.12363319 -0.15040063 -0.03109187  0.05303932  0.09908604]
 [-0.11957494  0.1408293  -0.46649352  0.10310624 -0.74843297]
 [-0.72208996  0.59847468 -0.25515743 -0.10266477  0.49075964]
 [-0.11614436 -0.15751957  0.08000625  0.09393343  0.10591821]
 [-0.14042758  0.16741641  0.70103976  0.70610064 -0.18228975]]

test_error 0.004530309233814478
train_error 0.0027412360068410635



