================================BEST EPOCH======================================
[(0, 0, 0), (0, 0, 1), (0, 0, 2), (0, 0, 3), (0, 0, 4), (0, 1, 0), (0, 1, 1), (0, 1, 2), (0, 1, 3), (0, 1, 4), (0, 2, 0), (0, 2, 1), (0, 2, 2), (0, 2, 3), (0, 2, 4), (0, 3, 0), (0, 3, 1), (0, 3, 2), (0, 3, 3), (0, 3, 4), (0, 4, 0), (0, 4, 1), (0, 4, 2), (0, 4, 3), (0, 4, 4), (1, 0, 0), (1, 0, 1), (1, 0, 2), (1, 0, 3), (1, 0, 4), (1, 1, 0), (1, 1, 1), (1, 1, 2), (1, 1, 3), (1, 1, 4), (1, 2, 0), (1, 2, 1), (1, 2, 2), (1, 2, 3), (1, 2, 4), (1, 3, 0), (1, 3, 1), (1, 3, 2), (1, 3, 3), (1, 3, 4), (1, 4, 0), (1, 4, 1), (1, 4, 2), (1, 4, 3), (1, 4, 4), (2, 0, 0), (2, 0, 1), (2, 0, 2), (2, 0, 3), (2, 0, 4), (2, 1, 0), (2, 1, 1), (2, 1, 2), (2, 1, 3), (2, 1, 4), (2, 2, 0), (2, 2, 1), (2, 2, 2), (2, 2, 3), (2, 2, 4), (2, 3, 0), (2, 3, 1), (2, 3, 2), (2, 3, 3), (2, 3, 4), (2, 4, 0), (2, 4, 1), (2, 4, 2), (2, 4, 3), (2, 4, 4), (3, 0, 0), (3, 0, 1), (3, 0, 2), (3, 0, 3), (3, 0, 4), (3, 1, 0), (3, 1, 1), (3, 1, 2), (3, 1, 3), (3, 1, 4), (3, 2, 0), (3, 2, 1), (3, 2, 2), (3, 2, 3), (3, 2, 4), (3, 3, 0), (3, 3, 1), (3, 3, 2), (3, 3, 3), (3, 3, 4), (3, 4, 0), (3, 4, 1), (3, 4, 2), (3, 4, 3), (3, 4, 4), (4, 0, 0), (4, 0, 1), (4, 0, 2), (4, 0, 3), (4, 0, 4), (4, 1, 0), (4, 1, 1), (4, 1, 2), (4, 1, 3), (4, 1, 4), (4, 2, 0), (4, 2, 1), (4, 2, 2), (4, 2, 3), (4, 2, 4), (4, 3, 0), (4, 3, 1), (4, 3, 2), (4, 3, 3), (4, 3, 4), (4, 4, 0), (4, 4, 1), (4, 4, 2), (4, 4, 3), (4, 4, 4)]
[[[ 1.77019157e-01  9.26380003e-02  1.67964227e-01  4.24696336e-02
    6.18202976e-02]
  [-1.61963410e-03  2.86777975e-04 -2.37857901e-03  1.97538927e-05
    5.04906608e-04]
  [-1.65204154e-01  4.09931181e-02  1.06427223e-01 -1.01553935e-02
    5.25896278e-02]
  [-4.31945779e-02 -5.03950847e-03  9.27451205e-03 -2.05075063e-03
   -1.72591683e-02]
  [-6.99867636e-01 -3.60873063e-01 -8.60573175e-01 -5.30799152e-01
   -1.16516411e-01]]

 [[ 2.08588385e-01  1.09158868e-01  1.97918617e-01  5.00435795e-02
    7.28452006e-02]
  [ 3.38554309e-03 -5.99455883e-04  4.97197589e-03 -4.12918292e-05
   -1.05541312e-03]
  [ 1.56911221e-02 -3.89353421e-03 -1.01084780e-02  9.64561218e-04
   -4.99497292e-03]
  [ 5.72028572e-02  6.67385346e-03 -1.22822959e-02  2.71582225e-03
    2.28564275e-02]
  [-6.28953850e-01 -3.24307755e-01 -7.73375970e-01 -4.77016157e-01
   -1.04710436e-01]]

 [[-8.13700700e-01 -4.25827390e-01 -7.72078066e-01 -1.95219382e-01
   -2.84168223e-01]
  [ 4.75060886e-01 -8.41159114e-02  6.97669830e-01 -5.79408752e-03
   -1.48096030e-01]
  [ 3.24612369e-02 -8.05480547e-03 -2.09120608e-02  1.99545003e-03
   -1.03334228e-02]
  [-1.49719936e-01 -1.74678147e-02  3.21470753e-02 -7.10825914e-03
   -5.98232855e-02]
  [ 6.37449983e-01  3.28688621e-01  7.83823009e-01  4.83459862e-01
    1.06124902e-01]]

 [[-1.71743792e-01 -8.98772862e-02 -1.62958708e-01 -4.12039919e-02
   -5.99779848e-02]
  [ 9.68929180e-03 -1.71561927e-03  1.42296004e-02 -1.18175599e-04
   -3.02055103e-03]
  [-2.66531660e-01  6.61361326e-02  1.71704063e-01 -1.63841757e-02
    8.48453291e-02]
  [ 4.67437667e-01  5.45359208e-02 -1.00365751e-01  2.21925561e-02
    1.86773103e-01]
  [ 4.19475711e-02  2.16294449e-02  5.15796882e-02  3.18142089e-02
    6.98357832e-03]]

 [[-2.05595791e-02 -1.07592778e-02 -1.95079100e-02 -4.93256098e-03
   -7.18000986e-03]
  [ 1.10343307e-02 -1.95377647e-03  1.62049115e-02 -1.34580387e-04
   -3.43985501e-03]
  [-1.20396322e-01  2.98746766e-02  7.75612838e-02 -7.40097631e-03
    3.83258994e-02]
  [-2.58470955e-01 -3.01557887e-02  5.54975208e-02 -1.22714354e-02
   -1.03276706e-01]
  [-1.32827703e-01 -6.84900077e-02 -1.63327966e-01 -1.00740237e-01
   -2.21136204e-02]]]
=================================0TH EPOCH====================================
[(0, 0, 0), (0, 0, 1), (0, 0, 2), (0, 0, 3), (0, 0, 4), (0, 1, 0), (0, 1, 1), (0, 1, 2), (0, 1, 3), (0, 1, 4), (0, 2, 0), (0, 2, 1), (0, 2, 2), (0, 2, 3), (0, 2, 4), (0, 3, 0), (0, 3, 1), (0, 3, 2), (0, 3, 3), (0, 3, 4), (0, 4, 0), (0, 4, 1), (0, 4, 2), (0, 4, 3), (0, 4, 4), (1, 0, 0), (1, 0, 1), (1, 0, 2), (1, 0, 3), (1, 0, 4), (1, 1, 0), (1, 1, 1), (1, 1, 2), (1, 1, 3), (1, 1, 4), (1, 2, 0), (1, 2, 1), (1, 2, 2), (1, 2, 3), (1, 2, 4), (1, 3, 0), (1, 3, 1), (1, 3, 2), (1, 3, 3), (1, 3, 4), (1, 4, 0), (1, 4, 1), (1, 4, 2), (1, 4, 3), (1, 4, 4), (2, 0, 0), (2, 0, 1), (2, 0, 2), (2, 0, 3), (2, 0, 4), (2, 1, 0), (2, 1, 1), (2, 1, 2), (2, 1, 3), (2, 1, 4), (2, 2, 0), (2, 2, 1), (2, 2, 2), (2, 2, 3), (2, 2, 4), (2, 3, 0), (2, 3, 1), (2, 3, 2), (2, 3, 3), (2, 3, 4), (2, 4, 0), (2, 4, 1), (2, 4, 2), (2, 4, 3), (2, 4, 4), (3, 0, 0), (3, 0, 1), (3, 0, 2), (3, 0, 3), (3, 0, 4), (3, 1, 0), (3, 1, 1), (3, 1, 2), (3, 1, 3), (3, 1, 4), (3, 2, 0), (3, 2, 1), (3, 2, 2), (3, 2, 3), (3, 2, 4), (3, 3, 0), (3, 3, 1), (3, 3, 2), (3, 3, 3), (3, 3, 4), (3, 4, 0), (3, 4, 1), (3, 4, 2), (3, 4, 3), (3, 4, 4), (4, 0, 0), (4, 0, 1), (4, 0, 2), (4, 0, 3), (4, 0, 4), (4, 1, 0), (4, 1, 1), (4, 1, 2), (4, 1, 3), (4, 1, 4), (4, 2, 0), (4, 2, 1), (4, 2, 2), (4, 2, 3), (4, 2, 4), (4, 3, 0), (4, 3, 1), (4, 3, 2), (4, 3, 3), (4, 3, 4), (4, 4, 0), (4, 4, 1), (4, 4, 2), (4, 4, 3), (4, 4, 4)]
[[[ 4.18756805e-03  1.28911787e-02  4.56975112e-04 -8.57305290e-03
   -1.62372095e-03]
  [ 4.66262161e-03 -2.92374847e-03 -5.36023007e-05  2.78247647e-03
   -1.25387824e-03]
  [ 1.33387133e-03 -1.47864264e-04 -1.21797460e-04 -1.51034197e-03
   -1.06599250e-03]
  [-1.21431983e-02 -2.91911074e-03  7.21173295e-04 -6.62261788e-03
   -5.12704343e-04]
  [ 1.05010136e-02  5.43327381e-03  1.67393366e-03  1.77657606e-02
   -8.18861023e-03]]

 [[ 2.38826748e-04  7.35213914e-04  2.60623538e-05 -4.88941152e-04
   -9.26045833e-05]
  [-7.46813098e-04  4.68297417e-04  8.58549194e-06 -4.45669850e-04
    2.00833945e-04]
  [ 7.27149146e-05 -8.06070053e-06 -6.63968983e-06 -8.23350688e-05
   -5.81117174e-05]
  [ 1.04064850e-03  2.50162118e-04 -6.18031500e-05  5.67545484e-04
    4.39377659e-05]
  [-4.26822163e-04 -2.20839795e-04 -6.80383833e-05 -7.22103665e-04
    3.32832665e-04]]

 [[-9.21325301e-04 -2.83624505e-03 -1.00541108e-04  1.88619515e-03
    3.57242002e-04]
  [ 1.01991859e-03 -6.39551238e-04 -1.17251597e-05  6.08648894e-04
   -2.74277828e-04]
  [ 4.09145232e-04 -4.53551683e-05 -3.73595630e-05 -4.63274983e-04
   -3.26977378e-04]
  [-1.03476584e-03 -2.48747983e-04  6.14537846e-05 -5.64337221e-04
   -4.36893913e-05]
  [ 1.72920174e-03  8.94697116e-04  2.75646630e-04  2.92548753e-03
   -1.34841832e-03]]

 [[ 7.12046948e-03  2.19199410e-02  7.77032708e-04 -1.45774733e-02
   -2.76094748e-03]
  [ 4.49704758e-03 -2.81992345e-03 -5.16988332e-05  2.68366815e-03
   -1.20935186e-03]
  [-9.47064001e-03  1.04985330e-03  8.64775989e-04  1.07236019e-02
    7.56866950e-03]
  [ 1.88598512e-02  4.53373096e-03 -1.12006909e-03  1.02857241e-02
    7.96291668e-04]
  [ 1.58149745e-03  8.18274221e-04  2.52101552e-04  2.67559936e-03
   -1.23323964e-03]]

 [[ 4.98886361e-03  1.53579194e-02  5.44417782e-04 -1.02135156e-02
   -1.93442166e-03]
  [ 7.68168299e-03 -4.81688432e-03 -8.83099501e-05  4.58413827e-03
   -2.06576813e-03]
  [-1.37791548e-02  1.52746711e-03  1.25819187e-03  1.56021315e-02
    1.10119135e-02]
  [ 1.86201089e-02  4.47609917e-03 -1.10583101e-03  1.01549743e-02
    7.86169383e-04]
  [-1.01101168e-02 -5.23102197e-03 -1.61162203e-03 -1.71044360e-02
    7.88379188e-03]]]
===============================MIDDLE EPOCH====================================
[(0, 0, 0), (0, 0, 1), (0, 0, 2), (0, 0, 3), (0, 0, 4), (0, 1, 0), (0, 1, 1), (0, 1, 2), (0, 1, 3), (0, 1, 4), (0, 2, 0), (0, 2, 1), (0, 2, 2), (0, 2, 3), (0, 2, 4), (0, 3, 0), (0, 3, 1), (0, 3, 2), (0, 3, 3), (0, 3, 4), (0, 4, 0), (0, 4, 1), (0, 4, 2), (0, 4, 3), (0, 4, 4), (1, 0, 0), (1, 0, 1), (1, 0, 2), (1, 0, 3), (1, 0, 4), (1, 1, 0), (1, 1, 1), (1, 1, 2), (1, 1, 3), (1, 1, 4), (1, 2, 0), (1, 2, 1), (1, 2, 2), (1, 2, 3), (1, 2, 4), (1, 3, 0), (1, 3, 1), (1, 3, 2), (1, 3, 3), (1, 3, 4), (1, 4, 0), (1, 4, 1), (1, 4, 2), (1, 4, 3), (1, 4, 4), (2, 0, 0), (2, 0, 1), (2, 0, 2), (2, 0, 3), (2, 0, 4), (2, 1, 0), (2, 1, 1), (2, 1, 2), (2, 1, 3), (2, 1, 4), (2, 2, 0), (2, 2, 1), (2, 2, 2), (2, 2, 3), (2, 2, 4), (2, 3, 0), (2, 3, 1), (2, 3, 2), (2, 3, 3), (2, 3, 4), (2, 4, 0), (2, 4, 1), (2, 4, 2), (2, 4, 3), (2, 4, 4), (3, 0, 0), (3, 0, 1), (3, 0, 2), (3, 0, 3), (3, 0, 4), (3, 1, 0), (3, 1, 1), (3, 1, 2), (3, 1, 3), (3, 1, 4), (3, 2, 0), (3, 2, 1), (3, 2, 2), (3, 2, 3), (3, 2, 4), (3, 3, 0), (3, 3, 1), (3, 3, 2), (3, 3, 3), (3, 3, 4), (3, 4, 0), (3, 4, 1), (3, 4, 2), (3, 4, 3), (3, 4, 4), (4, 0, 0), (4, 0, 1), (4, 0, 2), (4, 0, 3), (4, 0, 4), (4, 1, 0), (4, 1, 1), (4, 1, 2), (4, 1, 3), (4, 1, 4), (4, 2, 0), (4, 2, 1), (4, 2, 2), (4, 2, 3), (4, 2, 4), (4, 3, 0), (4, 3, 1), (4, 3, 2), (4, 3, 3), (4, 3, 4), (4, 4, 0), (4, 4, 1), (4, 4, 2), (4, 4, 3), (4, 4, 4)]
[[[ 2.02125841e-01  1.23587323e-01  1.92508889e-01  4.04091100e-02
    6.93443733e-02]
  [-3.42185040e-03  8.95207519e-04 -4.73106514e-03  1.65913976e-04
    8.22661169e-04]
  [-1.51363472e-01  4.53594809e-02  9.35947808e-02 -1.40698082e-02
    3.91709823e-02]
  [-8.69955579e-02 -1.36687109e-02  1.45668892e-02 -6.89814886e-03
   -3.71117686e-02]
  [-7.07996881e-01 -3.71064878e-01 -9.03825609e-01 -5.08758720e-01
   -1.13419035e-01]]

 [[ 2.26461822e-01  1.38467254e-01  2.15686987e-01  4.52743728e-02
    7.76934460e-02]
  [ 3.63330790e-03 -9.50527978e-04  5.02342718e-03 -1.76166836e-04
   -8.73498537e-04]
  [ 2.17604270e-02 -6.52100312e-03 -1.34554419e-02  2.02271414e-03
   -5.63132763e-03]
  [ 1.14269715e-01  1.79540166e-02 -1.91337847e-02  9.06080174e-03
    4.87467557e-02]
  [-7.01991321e-01 -3.67917333e-01 -8.96158939e-01 -5.04443191e-01
   -1.12456962e-01]]

 [[-8.28661555e-01 -5.06674765e-01 -7.89234639e-01 -1.65666477e-01
   -2.84293270e-01]
  [ 5.17766914e-01 -1.35455610e-01  7.15866770e-01 -2.51047700e-02
   -1.24478479e-01]
  [ 4.88580227e-02 -1.46414093e-02 -3.02110930e-02  4.54153834e-03
   -1.26438481e-02]
  [-1.79897218e-01 -2.82653864e-02  3.01227201e-02 -1.42646110e-02
   -7.67430438e-02]
  [ 7.14207363e-01  3.74319824e-01  9.11753883e-01  5.13221503e-01
    1.14413936e-01]]

 [[-1.97219355e-01 -1.20587313e-01 -1.87835849e-01 -3.94282027e-02
   -6.76610795e-02]
  [ 2.55387891e-03 -6.68133124e-04  3.53100400e-03 -1.23828968e-04
   -6.13988562e-04]
  [-2.92133069e-01  8.75442681e-02  1.80638897e-01 -2.71548757e-02
    7.56004017e-02]
  [ 5.31333030e-01  8.34828553e-02 -8.89685585e-02  4.21310515e-02
    2.26663394e-01]
  [ 4.32561026e-02  2.26707502e-02  5.52205445e-02  3.10833564e-02
    6.92950146e-03]]

 [[-1.84762130e-02 -1.12970498e-02 -1.75971326e-02 -3.69377473e-03
   -6.33873138e-03]
  [ 1.92769688e-02 -5.04314491e-03  2.66524203e-02 -9.34675151e-04
   -4.63445558e-03]
  [-1.40946345e-01  4.22377535e-02  8.71534067e-02 -1.31014968e-02
    3.64751594e-02]
  [-3.50852713e-01 -5.51258527e-02  5.87482020e-02 -2.78202049e-02
   -1.49671604e-01]
  [-1.56342776e-01 -8.19400686e-02 -1.99586479e-01 -1.12346188e-01
   -2.50456566e-02]]]
================================LAST EPOCH==================================
[(0, 0, 0), (0, 0, 1), (0, 0, 2), (0, 0, 3), (0, 0, 4), (0, 1, 0), (0, 1, 1), (0, 1, 2), (0, 1, 3), (0, 1, 4), (0, 2, 0), (0, 2, 1), (0, 2, 2), (0, 2, 3), (0, 2, 4), (0, 3, 0), (0, 3, 1), (0, 3, 2), (0, 3, 3), (0, 3, 4), (0, 4, 0), (0, 4, 1), (0, 4, 2), (0, 4, 3), (0, 4, 4), (1, 0, 0), (1, 0, 1), (1, 0, 2), (1, 0, 3), (1, 0, 4), (1, 1, 0), (1, 1, 1), (1, 1, 2), (1, 1, 3), (1, 1, 4), (1, 2, 0), (1, 2, 1), (1, 2, 2), (1, 2, 3), (1, 2, 4), (1, 3, 0), (1, 3, 1), (1, 3, 2), (1, 3, 3), (1, 3, 4), (1, 4, 0), (1, 4, 1), (1, 4, 2), (1, 4, 3), (1, 4, 4), (2, 0, 0), (2, 0, 1), (2, 0, 2), (2, 0, 3), (2, 0, 4), (2, 1, 0), (2, 1, 1), (2, 1, 2), (2, 1, 3), (2, 1, 4), (2, 2, 0), (2, 2, 1), (2, 2, 2), (2, 2, 3), (2, 2, 4), (2, 3, 0), (2, 3, 1), (2, 3, 2), (2, 3, 3), (2, 3, 4), (2, 4, 0), (2, 4, 1), (2, 4, 2), (2, 4, 3), (2, 4, 4), (3, 0, 0), (3, 0, 1), (3, 0, 2), (3, 0, 3), (3, 0, 4), (3, 1, 0), (3, 1, 1), (3, 1, 2), (3, 1, 3), (3, 1, 4), (3, 2, 0), (3, 2, 1), (3, 2, 2), (3, 2, 3), (3, 2, 4), (3, 3, 0), (3, 3, 1), (3, 3, 2), (3, 3, 3), (3, 3, 4), (3, 4, 0), (3, 4, 1), (3, 4, 2), (3, 4, 3), (3, 4, 4), (4, 0, 0), (4, 0, 1), (4, 0, 2), (4, 0, 3), (4, 0, 4), (4, 1, 0), (4, 1, 1), (4, 1, 2), (4, 1, 3), (4, 1, 4), (4, 2, 0), (4, 2, 1), (4, 2, 2), (4, 2, 3), (4, 2, 4), (4, 3, 0), (4, 3, 1), (4, 3, 2), (4, 3, 3), (4, 3, 4), (4, 4, 0), (4, 4, 1), (4, 4, 2), (4, 4, 3), (4, 4, 4)]
[[[ 2.68623880e-01  1.94158960e-01  1.13755584e-01 -9.15762086e-03
    2.05806490e-02]
  [-5.42862751e-01 -6.17938695e-02 -2.50910305e-01  3.21032543e-01
    3.70786483e-02]
  [-1.35360419e+00  6.26044920e-02  2.73184446e-01  8.87953409e-01
    9.08917778e-02]
  [ 1.19177180e+00  7.86575652e-02 -4.96045041e-02 -7.69513739e-01
    1.86437640e-03]
  [-9.11724926e-01 -2.27453460e-01 -2.07462917e+00 -7.02431559e-01
    7.88223272e-02]]

 [[ 1.79795998e-01  1.29954955e-01  7.61391682e-02 -6.12940141e-03
    1.37750908e-02]
  [-3.96432450e-01 -4.51257616e-02 -1.83230451e-01  2.34438110e-01
    2.70771560e-02]
  [ 5.45200538e-01 -2.52156450e-02 -1.10032392e-01 -3.57647148e-01
   -3.66091112e-02]
  [ 3.35221871e+00  2.21248196e-01 -1.39527673e-01 -2.16449017e+00
    5.24412261e-03]
  [-1.38373494e+00 -3.45208615e-01 -3.14868748e+00 -1.06608809e+00
    1.19629512e-01]]

 [[-1.40102055e+00 -1.01264524e+00 -5.93297628e-01  4.77620048e-02
   -1.07339349e-01]
  [ 2.12513443e+00  2.41903280e-01  9.82233774e-01 -1.25673996e+00
   -1.45151076e-01]
  [ 2.40133977e+00 -1.11062494e-01 -4.84638480e-01 -1.57525949e+00
   -1.61245099e-01]
  [-3.08328973e+00 -2.03498742e-01  1.28334181e-01  1.99084573e+00
   -4.82341719e-03]
  [ 1.22487029e+00  3.05575704e-01  2.78719114e+00  9.43692034e-01
   -1.05895018e-01]]

 [[-2.62429386e-01 -1.89681635e-01 -1.11132369e-01  8.94644522e-03
   -2.01060572e-02]
  [-2.20805688e-01 -2.51342312e-02 -1.02056040e-01  1.30577778e-01
    1.50814851e-02]
  [-2.28535520e+00  1.05698182e-01  4.61230469e-01  1.49917455e+00
    1.53456970e-01]
  [ 3.20715687e+00  2.11674039e-01 -1.33489839e-01 -2.07082536e+00
    5.01719169e-03]
  [ 6.78777407e-02  1.69338652e-02  1.54455732e-01  5.22958908e-02
   -5.86830669e-03]]

 [[-1.70665026e-02 -1.23355169e-02 -7.22724268e-03  5.81811865e-04
   -1.30755204e-03]
  [ 2.43051071e-02  2.76664150e-03  1.12337821e-02 -1.43733021e-02
   -1.66008907e-03]
  [-2.23560646e-01  1.03397291e-02  4.51190176e-02  1.46653977e-01
    1.50116443e-02]
  [-9.13301930e+00 -6.02784073e-01  3.80138960e-01  5.89708853e+00
   -1.42874547e-02]
  [-4.77521916e-01 -1.19130243e-01 -1.08660065e+00 -3.67903141e-01
    4.12837114e-02]]]
    
    
test_error 0.0036739902570843697
train_error 0.0013358445139601827
