================================BEST EPOCH======================================
Path values of layer 2 node 1
[(1, 1, 1), (1, 1, 2), (1, 1, 3), (2, 1, 1), (2, 1, 2), (2, 1, 3), (3, 1, 1), (3, 1, 2), (3, 1, 3)]
[[-0.0008466  -0.00279522  0.00096148]
 [-0.01760083 -0.05811253  0.01998922]
 [-0.00660243 -0.02179919  0.00749836]]
=================================0TH EPOCH====================================
Path values of layer 2 node 1
[(1, 1, 1), (1, 1, 2), (1, 1, 3), (2, 1, 1), (2, 1, 2), (2, 1, 3), (3, 1, 1), (3, 1, 2), (3, 1, 3)]
[[-0.0008466  -0.00279522  0.00096148]
 [-0.01760083 -0.05811253  0.01998922]
 [-0.00660243 -0.02179919  0.00749836]]
===============================MIDDLE EPOCH====================================
Path values of layer 2 node 1
[(1, 1, 1), (1, 1, 2), (1, 1, 3), (2, 1, 1), (2, 1, 2), (2, 1, 3), (3, 1, 1), (3, 1, 2), (3, 1, 3)]
[[-0.0008466  -0.00279522  0.00096148]
 [-0.01760083 -0.05811253  0.01998922]
 [-0.00660243 -0.02179919  0.00749836]]
================================LAST EPOCH==================================
Path values of layer 2 node 1
[(1, 1, 1), (1, 1, 2), (1, 1, 3), (2, 1, 1), (2, 1, 2), (2, 1, 3), (3, 1, 1), (3, 1, 2), (3, 1, 3)]
[[-0.0008466  -0.00279522  0.00096148]
 [-0.01760083 -0.05811253  0.01998922]
 [-0.00660243 -0.02179919  0.00749836]]
