================================BEST EPOCH======================================
Path values of layer 3 node 1
[(0, 0, 0), (0, 1, 0), (0, 2, 0), (1, 0, 0), (1, 1, 0), (1, 2, 0), (2, 0, 0), (2, 1, 0), (2, 2, 0)]
[[-8.46600674e-04 -2.89423105e-05  6.05828782e-04]
 [-1.76008286e-02  1.96531353e-03  2.81681247e-02]
 [-6.60242979e-03 -1.37531314e-03  3.52231979e-02]]
=================================0TH EPOCH====================================
Path values of layer 3 node 1
[(0, 0, 0), (0, 1, 0), (0, 2, 0), (1, 0, 0), (1, 1, 0), (1, 2, 0), (2, 0, 0), (2, 1, 0), (2, 2, 0)]
[[-8.46600674e-04 -2.89423105e-05  6.05828782e-04]
 [-1.76008286e-02  1.96531353e-03  2.81681247e-02]
 [-6.60242979e-03 -1.37531314e-03  3.52231979e-02]]
===============================MIDDLE EPOCH====================================
Path values of layer 3 node 1
[(0, 0, 0), (0, 1, 0), (0, 2, 0), (1, 0, 0), (1, 1, 0), (1, 2, 0), (2, 0, 0), (2, 1, 0), (2, 2, 0)]
[[-8.46600674e-04 -2.89423105e-05  6.05828782e-04]
 [-1.76008286e-02  1.96531353e-03  2.81681247e-02]
 [-6.60242979e-03 -1.37531314e-03  3.52231979e-02]]
================================LAST EPOCH==================================
Path values of layer 3 node 1
[(0, 0, 0), (0, 1, 0), (0, 2, 0), (1, 0, 0), (1, 1, 0), (1, 2, 0), (2, 0, 0), (2, 1, 0), (2, 2, 0)]
[[-8.46600674e-04 -2.89423105e-05  6.05828782e-04]
 [-1.76008286e-02  1.96531353e-03  2.81681247e-02]
 [-6.60242979e-03 -1.37531314e-03  3.52231979e-02]]
test_error 0.3129166666666667
train_error 0.31708333333333333
DLGN acc= 0.6870833333333334


