================================BEST EPOCH======================================
Path values of layer 3 node 2
[(0, 0, 1), (0, 1, 1), (0, 2, 1), (0, 3, 1), (0, 4, 1), (1, 0, 1), (1, 1, 1), (1, 2, 1), (1, 3, 1), (1, 4, 1), (2, 0, 1), (2, 1, 1), (2, 2, 1), (2, 3, 1), (2, 4, 1), (3, 0, 1), (3, 1, 1), (3, 2, 1), (3, 3, 1), (3, 4, 1), (4, 0, 1), (4, 1, 1), (4, 2, 1), (4, 3, 1), (4, 4, 1)]
[[ 1.28911787e-02 -2.92374847e-03 -1.47864264e-04 -2.91911074e-03
   5.43327381e-03]
 [ 7.35213914e-04  4.68297417e-04 -8.06070053e-06  2.50162118e-04
  -2.20839795e-04]
 [-2.83624505e-03 -6.39551238e-04 -4.53551683e-05 -2.48747983e-04
   8.94697116e-04]
 [ 2.19199410e-02 -2.81992345e-03  1.04985330e-03  4.53373096e-03
   8.18274221e-04]
 [ 1.53579194e-02 -4.81688432e-03  1.52746711e-03  4.47609917e-03
  -5.23102197e-03]]
=================================0TH EPOCH====================================
Path values of layer 3 node 2
[(0, 0, 1), (0, 1, 1), (0, 2, 1), (0, 3, 1), (0, 4, 1), (1, 0, 1), (1, 1, 1), (1, 2, 1), (1, 3, 1), (1, 4, 1), (2, 0, 1), (2, 1, 1), (2, 2, 1), (2, 3, 1), (2, 4, 1), (3, 0, 1), (3, 1, 1), (3, 2, 1), (3, 3, 1), (3, 4, 1), (4, 0, 1), (4, 1, 1), (4, 2, 1), (4, 3, 1), (4, 4, 1)]
[[ 1.28911787e-02 -2.92374847e-03 -1.47864264e-04 -2.91911074e-03
   5.43327381e-03]
 [ 7.35213914e-04  4.68297417e-04 -8.06070053e-06  2.50162118e-04
  -2.20839795e-04]
 [-2.83624505e-03 -6.39551238e-04 -4.53551683e-05 -2.48747983e-04
   8.94697116e-04]
 [ 2.19199410e-02 -2.81992345e-03  1.04985330e-03  4.53373096e-03
   8.18274221e-04]
 [ 1.53579194e-02 -4.81688432e-03  1.52746711e-03  4.47609917e-03
  -5.23102197e-03]]
===============================MIDDLE EPOCH====================================
Path values of layer 3 node 2
[(0, 0, 1), (0, 1, 1), (0, 2, 1), (0, 3, 1), (0, 4, 1), (1, 0, 1), (1, 1, 1), (1, 2, 1), (1, 3, 1), (1, 4, 1), (2, 0, 1), (2, 1, 1), (2, 2, 1), (2, 3, 1), (2, 4, 1), (3, 0, 1), (3, 1, 1), (3, 2, 1), (3, 3, 1), (3, 4, 1), (4, 0, 1), (4, 1, 1), (4, 2, 1), (4, 3, 1), (4, 4, 1)]
[[ 1.28911787e-02 -2.92374847e-03 -1.47864264e-04 -2.91911074e-03
   5.43327381e-03]
 [ 7.35213914e-04  4.68297417e-04 -8.06070053e-06  2.50162118e-04
  -2.20839795e-04]
 [-2.83624505e-03 -6.39551238e-04 -4.53551683e-05 -2.48747983e-04
   8.94697116e-04]
 [ 2.19199410e-02 -2.81992345e-03  1.04985330e-03  4.53373096e-03
   8.18274221e-04]
 [ 1.53579194e-02 -4.81688432e-03  1.52746711e-03  4.47609917e-03
  -5.23102197e-03]]
================================LAST EPOCH==================================
Path values of layer 3 node 2
[(0, 0, 1), (0, 1, 1), (0, 2, 1), (0, 3, 1), (0, 4, 1), (1, 0, 1), (1, 1, 1), (1, 2, 1), (1, 3, 1), (1, 4, 1), (2, 0, 1), (2, 1, 1), (2, 2, 1), (2, 3, 1), (2, 4, 1), (3, 0, 1), (3, 1, 1), (3, 2, 1), (3, 3, 1), (3, 4, 1), (4, 0, 1), (4, 1, 1), (4, 2, 1), (4, 3, 1), (4, 4, 1)]
[[ 1.28911787e-02 -2.92374847e-03 -1.47864264e-04 -2.91911074e-03
   5.43327381e-03]
 [ 7.35213914e-04  4.68297417e-04 -8.06070053e-06  2.50162118e-04
  -2.20839795e-04]
 [-2.83624505e-03 -6.39551238e-04 -4.53551683e-05 -2.48747983e-04
   8.94697116e-04]
 [ 2.19199410e-02 -2.81992345e-03  1.04985330e-03  4.53373096e-03
   8.18274221e-04]
 [ 1.53579194e-02 -4.81688432e-03  1.52746711e-03  4.47609917e-03
  -5.23102197e-03]]

test_error 0.6961193680763245
train_error 0.6894842982292175




