================================BEST EPOCH======================================
Path values of layer 3 node 2
[(1, 1, 2), (1, 2, 2), (1, 3, 2), (2, 1, 2), (2, 2, 2), (2, 3, 2), (3, 1, 2), (3, 2, 2), (3, 3, 2)]
[[-0.00279522 -0.0004689  -0.00018849]
 [-0.05811253  0.03184044 -0.00876374]
 [-0.02179919 -0.02228173 -0.01095873]]
=================================0TH EPOCH====================================
Path values of layer 3 node 2
[(1, 1, 2), (1, 2, 2), (1, 3, 2), (2, 1, 2), (2, 2, 2), (2, 3, 2), (3, 1, 2), (3, 2, 2), (3, 3, 2)]
[[-0.00279522 -0.0004689  -0.00018849]
 [-0.05811253  0.03184044 -0.00876374]
 [-0.02179919 -0.02228173 -0.01095873]]
===============================MIDDLE EPOCH====================================
Path values of layer 3 node 2
[(1, 1, 2), (1, 2, 2), (1, 3, 2), (2, 1, 2), (2, 2, 2), (2, 3, 2), (3, 1, 2), (3, 2, 2), (3, 3, 2)]
[[-0.00279522 -0.0004689  -0.00018849]
 [-0.05811253  0.03184044 -0.00876374]
 [-0.02179919 -0.02228173 -0.01095873]]
================================LAST EPOCH==================================
Path values of layer 3 node 2
[(1, 1, 2), (1, 2, 2), (1, 3, 2), (2, 1, 2), (2, 2, 2), (2, 3, 2), (3, 1, 2), (3, 2, 2), (3, 3, 2)]
[[-0.00279522 -0.0004689  -0.00018849]
 [-0.05811253  0.03184044 -0.00876374]
 [-0.02179919 -0.02228173 -0.01095873]]
