================================BEST EPOCH======================================
[(0, 0, 0), (0, 0, 1), (0, 0, 2), (0, 1, 0), (0, 1, 1), (0, 1, 2), (0, 2, 0), (0, 2, 1), (0, 2, 2), (1, 0, 0), (1, 0, 1), (1, 0, 2), (1, 1, 0), (1, 1, 1), (1, 1, 2), (1, 2, 0), (1, 2, 1), (1, 2, 2), (2, 0, 0), (2, 0, 1), (2, 0, 2), (2, 1, 0), (2, 1, 1), (2, 1, 2), (2, 2, 0), (2, 2, 1), (2, 2, 2)]
[[[-8.46600674e-04 -2.79521531e-03  9.61482452e-04]
  [-2.89423105e-05 -4.68900243e-04 -3.54788102e-04]
  [ 6.05828782e-04 -1.88487017e-04  1.32600516e-04]]

 [[-1.76008286e-02 -5.81125280e-02  1.99892208e-02]
  [ 1.96531353e-03  3.18404432e-02  2.40917137e-02]
  [ 2.81681247e-02 -8.76373978e-03  6.16528624e-03]]

 [[-6.60242979e-03 -2.17991946e-02  7.49836443e-03]
  [-1.37531314e-03 -2.22817271e-02 -1.68592185e-02]
  [ 3.52231979e-02 -1.09587324e-02  7.70946238e-03]]]
=================================0TH EPOCH====================================
[(0, 0, 0), (0, 0, 1), (0, 0, 2), (0, 1, 0), (0, 1, 1), (0, 1, 2), (0, 2, 0), (0, 2, 1), (0, 2, 2), (1, 0, 0), (1, 0, 1), (1, 0, 2), (1, 1, 0), (1, 1, 1), (1, 1, 2), (1, 2, 0), (1, 2, 1), (1, 2, 2), (2, 0, 0), (2, 0, 1), (2, 0, 2), (2, 1, 0), (2, 1, 1), (2, 1, 2), (2, 2, 0), (2, 2, 1), (2, 2, 2)]
[[[-8.46600674e-04 -2.79521531e-03  9.61482452e-04]
  [-2.89423105e-05 -4.68900243e-04 -3.54788102e-04]
  [ 6.05828782e-04 -1.88487017e-04  1.32600516e-04]]

 [[-1.76008286e-02 -5.81125280e-02  1.99892208e-02]
  [ 1.96531353e-03  3.18404432e-02  2.40917137e-02]
  [ 2.81681247e-02 -8.76373978e-03  6.16528624e-03]]

 [[-6.60242979e-03 -2.17991946e-02  7.49836443e-03]
  [-1.37531314e-03 -2.22817271e-02 -1.68592185e-02]
  [ 3.52231979e-02 -1.09587324e-02  7.70946238e-03]]]
===============================MIDDLE EPOCH====================================
[(0, 0, 0), (0, 0, 1), (0, 0, 2), (0, 1, 0), (0, 1, 1), (0, 1, 2), (0, 2, 0), (0, 2, 1), (0, 2, 2), (1, 0, 0), (1, 0, 1), (1, 0, 2), (1, 1, 0), (1, 1, 1), (1, 1, 2), (1, 2, 0), (1, 2, 1), (1, 2, 2), (2, 0, 0), (2, 0, 1), (2, 0, 2), (2, 1, 0), (2, 1, 1), (2, 1, 2), (2, 2, 0), (2, 2, 1), (2, 2, 2)]
[[[-8.46600674e-04 -2.79521531e-03  9.61482452e-04]
  [-2.89423105e-05 -4.68900243e-04 -3.54788102e-04]
  [ 6.05828782e-04 -1.88487017e-04  1.32600516e-04]]

 [[-1.76008286e-02 -5.81125280e-02  1.99892208e-02]
  [ 1.96531353e-03  3.18404432e-02  2.40917137e-02]
  [ 2.81681247e-02 -8.76373978e-03  6.16528624e-03]]

 [[-6.60242979e-03 -2.17991946e-02  7.49836443e-03]
  [-1.37531314e-03 -2.22817271e-02 -1.68592185e-02]
  [ 3.52231979e-02 -1.09587324e-02  7.70946238e-03]]]
================================LAST EPOCH==================================
[(0, 0, 0), (0, 0, 1), (0, 0, 2), (0, 1, 0), (0, 1, 1), (0, 1, 2), (0, 2, 0), (0, 2, 1), (0, 2, 2), (1, 0, 0), (1, 0, 1), (1, 0, 2), (1, 1, 0), (1, 1, 1), (1, 1, 2), (1, 2, 0), (1, 2, 1), (1, 2, 2), (2, 0, 0), (2, 0, 1), (2, 0, 2), (2, 1, 0), (2, 1, 1), (2, 1, 2), (2, 2, 0), (2, 2, 1), (2, 2, 2)]
[[[-8.46600674e-04 -2.79521531e-03  9.61482452e-04]
  [-2.89423105e-05 -4.68900243e-04 -3.54788102e-04]
  [ 6.05828782e-04 -1.88487017e-04  1.32600516e-04]]

 [[-1.76008286e-02 -5.81125280e-02  1.99892208e-02]
  [ 1.96531353e-03  3.18404432e-02  2.40917137e-02]
  [ 2.81681247e-02 -8.76373978e-03  6.16528624e-03]]

 [[-6.60242979e-03 -2.17991946e-02  7.49836443e-03]
  [-1.37531314e-03 -2.22817271e-02 -1.68592185e-02]
  [ 3.52231979e-02 -1.09587324e-02  7.70946238e-03]]]
  
  test_error 0.5373333333333333
  train_error 0.5386666666666666
  DLGN acc= 0.46266666666666667
