================================BEST EPOCH======================================
Path values of layer 3 node 2
[(0, 0, 1), (0, 1, 1), (0, 2, 1), (1, 0, 1), (1, 1, 1), (1, 2, 1), (2, 0, 1), (2, 1, 1), (2, 2, 1)]
[[-1.97262359 -0.34966088  0.35809793]
 [-3.18027711  1.75260851  0.91668845]
 [-2.04924797 -0.41123975  0.52636364]]
=================================0TH EPOCH====================================
Path values of layer 3 node 2
[(0, 0, 1), (0, 1, 1), (0, 2, 1), (1, 0, 1), (1, 1, 1), (1, 2, 1), (2, 0, 1), (2, 1, 1), (2, 2, 1)]
[[-0.00279522 -0.0004689  -0.00018849]
 [-0.05811253  0.03184044 -0.00876374]
 [-0.02179919 -0.02228173 -0.01095873]]
===============================MIDDLE EPOCH====================================
Path values of layer 3 node 2
[(0, 0, 1), (0, 1, 1), (0, 2, 1), (1, 0, 1), (1, 1, 1), (1, 2, 1), (2, 0, 1), (2, 1, 1), (2, 2, 1)]
[[-1.1951648  -0.1212929   0.21255798]
 [-2.07344036  0.98549871  0.45463073]
 [-1.25816406 -0.13969161  0.34266805]]
================================LAST EPOCH==================================
Path values of layer 3 node 2
[(0, 0, 1), (0, 1, 1), (0, 2, 1), (1, 0, 1), (1, 1, 1), (1, 2, 1), (2, 0, 1), (2, 1, 1), (2, 2, 1)]
[[ -8.78896187  -6.59748555   0.55059392]
 [-10.12432395  15.57547733   6.16446796]
 [ -6.38600832  -5.35765026   0.87450211]]



test_error 0.04583333333333333
train_error 0.04125
DLGN acc= 0.9541666666666667


